25210.0, {'360082': 0.0, '360086': 0.0, 'GS_cluster_2415878664_254486231_359566_359576': 0.0}, {'360082': 0, '360086': 0, 'GS_cluster_2415878664_254486231_359566_359576': 0}, {'360082': 0, '360086': 0, 'GS_cluster_2415878664_254486231_359566_359576': 0}, 
25220.0, {'360082': 0.0, '360086': 0.0, 'GS_cluster_2415878664_254486231_359566_359576': -0.004464286}, {'360082': 0, '360086': 0, 'GS_cluster_2415878664_254486231_359566_359576': 1}, {'360082': 0, '360086': 0, 'GS_cluster_2415878664_254486231_359566_359576': 1}, 
25230.0, {'360082': -0.02232143, '360086': 0.0, 'GS_cluster_2415878664_254486231_359566_359576': -0.071428575}, {'360082': 1, '360086': 0, 'GS_cluster_2415878664_254486231_359566_359576': 1}, {'360082': 1, '360086': 0, 'GS_cluster_2415878664_254486231_359566_359576': 2}, 
25240.0, {'360082': -0.06696428, '360086': 0.0, 'GS_cluster_2415878664_254486231_359566_359576': -0.02232143}, {'360082': 1, '360086': 0, 'GS_cluster_2415878664_254486231_359566_359576': 1}, {'360082': 1, '360086': 0, 'GS_cluster_2415878664_254486231_359566_359576': 2}, 
25250.0, {'360082': -0.12946428, '360086': -0.04464286, 'GS_cluster_2415878664_254486231_359566_359576': -0.09375}, {'360082': 1, '360086': 2, 'GS_cluster_2415878664_254486231_359566_359576': 1}, {'360082': 2, '360086': 2, 'GS_cluster_2415878664_254486231_359566_359576': 3}, 
25260.0, {'360082': -0.26339287, '360086': 0.0, 'GS_cluster_2415878664_254486231_359566_359576': -0.008928572}, {'360082': 2, '360086': 0, 'GS_cluster_2415878664_254486231_359566_359576': 1}, {'360082': 3, '360086': 0, 'GS_cluster_2415878664_254486231_359566_359576': 1}, 
25270.0, {'360082': -0.004464286, '360086': -0.04017857, 'GS_cluster_2415878664_254486231_359566_359576': -0.08035714}, {'360082': 1, '360086': 1, 'GS_cluster_2415878664_254486231_359566_359576': 1}, {'360082': 1, '360086': 1, 'GS_cluster_2415878664_254486231_359566_359576': 2}, 
25280.0, {'360082': -0.09821428, '360086': -0.09375, 'GS_cluster_2415878664_254486231_359566_359576': -0.017857144}, {'360082': 3, '360086': 1, 'GS_cluster_2415878664_254486231_359566_359576': 1}, {'360082': 3, '360086': 2, 'GS_cluster_2415878664_254486231_359566_359576': 1}, 
25290.0, {'360082': -0.013392857, '360086': -0.25892857, 'GS_cluster_2415878664_254486231_359566_359576': -0.09821428}, {'360082': 1, '360086': 3, 'GS_cluster_2415878664_254486231_359566_359576': 1}, {'360082': 2, '360086': 4, 'GS_cluster_2415878664_254486231_359566_359576': 2}, 
25300.0, {'360082': -0.08928572, '360086': -0.035714287, 'GS_cluster_2415878664_254486231_359566_359576': 0.0}, {'360082': 2, '360086': 1, 'GS_cluster_2415878664_254486231_359566_359576': 0}, {'360082': 3, '360086': 1, 'GS_cluster_2415878664_254486231_359566_359576': 0}, 
25310.0, {'360082': -0.13392857, '360086': -0.102678575, 'GS_cluster_2415878664_254486231_359566_359576': -0.071428575}, {'360082': 3, '360086': 3, 'GS_cluster_2415878664_254486231_359566_359576': 1}, {'360082': 3, '360086': 3, 'GS_cluster_2415878664_254486231_359566_359576': 3}, 
25320.0, {'360082': -0.32142857, '360086': 0.0, 'GS_cluster_2415878664_254486231_359566_359576': -0.02232143}, {'360082': 5, '360086': 0, 'GS_cluster_2415878664_254486231_359566_359576': 1}, {'360082': 5, '360086': 0, 'GS_cluster_2415878664_254486231_359566_359576': 1}, 
25330.0, {'360082': -0.16071428, '360086': -0.035714287, 'GS_cluster_2415878664_254486231_359566_359576': -0.09821428}, {'360082': 2, '360086': 1, 'GS_cluster_2415878664_254486231_359566_359576': 2}, {'360082': 3, '360086': 1, 'GS_cluster_2415878664_254486231_359566_359576': 4}, 
25340.0, {'360082': -0.16071428, '360086': -0.08035714, 'GS_cluster_2415878664_254486231_359566_359576': -0.33482143}, {'360082': 3, '360086': 1, 'GS_cluster_2415878664_254486231_359566_359576': 2}, {'360082': 5, '360086': 1, 'GS_cluster_2415878664_254486231_359566_359576': 7}, 
25350.0, {'360082': -0.25892857, '360086': -0.16071428, 'GS_cluster_2415878664_254486231_359566_359576': -0.22321428}, {'360082': 3, '360086': 2, 'GS_cluster_2415878664_254486231_359566_359576': 3}, {'360082': 3, '360086': 2, 'GS_cluster_2415878664_254486231_359566_359576': 5}, 
25360.0, {'360082': -0.026785715, '360086': -0.26339287, 'GS_cluster_2415878664_254486231_359566_359576': -0.13839285}, {'360082': 2, '360086': 3, 'GS_cluster_2415878664_254486231_359566_359576': 2}, {'360082': 4, '360086': 3, 'GS_cluster_2415878664_254486231_359566_359576': 5}, 
25370.0, {'360082': -0.2857143, '360086': 0.0, 'GS_cluster_2415878664_254486231_359566_359576': -0.3392857}, {'360082': 4, '360086': 0, 'GS_cluster_2415878664_254486231_359566_359576': 2}, {'360082': 8, '360086': 0, 'GS_cluster_2415878664_254486231_359566_359576': 6}, 
25380.0, {'360082': -0.5714286, '360086': -0.026785715, 'GS_cluster_2415878664_254486231_359566_359576': -0.60714287}, {'360082': 3, '360086': 1, 'GS_cluster_2415878664_254486231_359566_359576': 2}, {'360082': 7, '360086': 1, 'GS_cluster_2415878664_254486231_359566_359576': 9}, 
25390.0, {'360082': -0.54910713, '360086': -0.08035714, 'GS_cluster_2415878664_254486231_359566_359576': -0.87053573}, {'360082': 2, '360086': 2, 'GS_cluster_2415878664_254486231_359566_359576': 2}, {'360082': 6, '360086': 2, 'GS_cluster_2415878664_254486231_359566_359576': 9}, 
25400.0, {'360082': -0.084821425, '360086': 0.0, 'GS_cluster_2415878664_254486231_359566_359576': -0.33035713}, {'360082': 5, '360086': 0, 'GS_cluster_2415878664_254486231_359566_359576': 3}, {'360082': 5, '360086': 0, 'GS_cluster_2415878664_254486231_359566_359576': 6}, 
25410.0, {'360082': -0.14285715, '360086': 0.0, 'GS_cluster_2415878664_254486231_359566_359576': -0.6875}, {'360082': 4, '360086': 0, 'GS_cluster_2415878664_254486231_359566_359576': 3}, {'360082': 4, '360086': 0, 'GS_cluster_2415878664_254486231_359566_359576': 10}, 
25420.0, {'360082': -0.0625, '360086': -0.008928572, 'GS_cluster_2415878664_254486231_359566_359576': -0.32589287}, {'360082': 1, '360086': 1, 'GS_cluster_2415878664_254486231_359566_359576': 2}, {'360082': 1, '360086': 1, 'GS_cluster_2415878664_254486231_359566_359576': 7}, 
25430.0, {'360082': 0.0, '360086': -0.08035714, 'GS_cluster_2415878664_254486231_359566_359576': -0.80803573}, {'360082': 0, '360086': 2, 'GS_cluster_2415878664_254486231_359566_359576': 3}, {'360082': 0, '360086': 4, 'GS_cluster_2415878664_254486231_359566_359576': 14}, 
25440.0, {'360082': -0.04017857, '360086': 0.0, 'GS_cluster_2415878664_254486231_359566_359576': -1.3705357}, {'360082': 1, '360086': 0, 'GS_cluster_2415878664_254486231_359566_359576': 3}, {'360082': 1, '360086': 0, 'GS_cluster_2415878664_254486231_359566_359576': 14}, 
25450.0, {'360082': -0.035714287, '360086': 0.0, 'GS_cluster_2415878664_254486231_359566_359576': -0.8973214}, {'360082': 2, '360086': 0, 'GS_cluster_2415878664_254486231_359566_359576': 3}, {'360082': 2, '360086': 0, 'GS_cluster_2415878664_254486231_359566_359576': 10}, 
25460.0, {'360082': -0.125, '360086': -0.04017857, 'GS_cluster_2415878664_254486231_359566_359576': -0.86160713}, {'360082': 2, '360086': 1, 'GS_cluster_2415878664_254486231_359566_359576': 3}, {'360082': 2, '360086': 1, 'GS_cluster_2415878664_254486231_359566_359576': 8}, 
25470.0, {'360082': -0.008928572, '360086': 0.0, 'GS_cluster_2415878664_254486231_359566_359576': -0.19196428}, {'360082': 1, '360086': 0, 'GS_cluster_2415878664_254486231_359566_359576': 2}, {'360082': 1, '360086': 0, 'GS_cluster_2415878664_254486231_359566_359576': 6}, 
25480.0, {'360082': 0.0, '360086': 0.0, 'GS_cluster_2415878664_254486231_359566_359576': -0.33482143}, {'360082': 0, '360086': 0, 'GS_cluster_2415878664_254486231_359566_359576': 3}, {'360082': 0, '360086': 0, 'GS_cluster_2415878664_254486231_359566_359576': 8}, 
25490.0, {'360082': -0.02232143, '360086': -0.09821428, 'GS_cluster_2415878664_254486231_359566_359576': -0.3169643}, {'360082': 2, '360086': 4, 'GS_cluster_2415878664_254486231_359566_359576': 2}, {'360082': 2, '360086': 5, 'GS_cluster_2415878664_254486231_359566_359576': 9}, 
25500.0, {'360082': 0.0, '360086': -0.32142857, 'GS_cluster_2415878664_254486231_359566_359576': -0.5}, {'360082': 0, '360086': 4, 'GS_cluster_2415878664_254486231_359566_359576': 2}, {'360082': 0, '360086': 5, 'GS_cluster_2415878664_254486231_359566_359576': 9}, 
25510.0, {'360082': -0.07589286, '360086': -0.6339286, 'GS_cluster_2415878664_254486231_359566_359576': -0.4330357}, {'360082': 3, '360086': 4, 'GS_cluster_2415878664_254486231_359566_359576': 3}, {'360082': 3, '360086': 8, 'GS_cluster_2415878664_254486231_359566_359576': 6}, 
25520.0, {'360082': -0.21428572, '360086': -0.25, 'GS_cluster_2415878664_254486231_359566_359576': -0.10714286}, {'360082': 2, '360086': 1, 'GS_cluster_2415878664_254486231_359566_359576': 2}, {'360082': 4, '360086': 3, 'GS_cluster_2415878664_254486231_359566_359576': 5}, 
25530.0, {'360082': -0.07589286, '360086': 0.0, 'GS_cluster_2415878664_254486231_359566_359576': -0.17410715}, {'360082': 3, '360086': 0, 'GS_cluster_2415878664_254486231_359566_359576': 3}, {'360082': 3, '360086': 0, 'GS_cluster_2415878664_254486231_359566_359576': 7}, 
25540.0, {'360082': -0.25892857, '360086': -0.04017857, 'GS_cluster_2415878664_254486231_359566_359576': -0.59375}, {'360082': 5, '360086': 1, 'GS_cluster_2415878664_254486231_359566_359576': 3}, {'360082': 5, '360086': 2, 'GS_cluster_2415878664_254486231_359566_359576': 11}, 
25550.0, {'360082': -0.48214287, '360086': -0.1875, 'GS_cluster_2415878664_254486231_359566_359576': -0.80803573}, {'360082': 5, '360086': 1, 'GS_cluster_2415878664_254486231_359566_359576': 2}, {'360082': 5, '360086': 5, 'GS_cluster_2415878664_254486231_359566_359576': 13}, 
25560.0, {'360082': -0.62053573, '360086': -0.13392857, 'GS_cluster_2415878664_254486231_359566_359576': -0.6160714}, {'360082': 8, '360086': 2, 'GS_cluster_2415878664_254486231_359566_359576': 2}, {'360082': 8, '360086': 3, 'GS_cluster_2415878664_254486231_359566_359576': 8}, 
25570.0, {'360082': -0.3080357, '360086': -0.3169643, 'GS_cluster_2415878664_254486231_359566_359576': -0.98214287}, {'360082': 5, '360086': 3, 'GS_cluster_2415878664_254486231_359566_359576': 3}, {'360082': 6, '360086': 5, 'GS_cluster_2415878664_254486231_359566_359576': 9}, 
25580.0, {'360082': -0.12053572, '360086': 0.0, 'GS_cluster_2415878664_254486231_359566_359576': -1.5267857}, {'360082': 1, '360086': 0, 'GS_cluster_2415878664_254486231_359566_359576': 4}, {'360082': 2, '360086': 0, 'GS_cluster_2415878664_254486231_359566_359576': 16}, 
25590.0, {'360082': -0.21875, '360086': 0.0, 'GS_cluster_2415878664_254486231_359566_359576': -1.9553572}, {'360082': 2, '360086': 0, 'GS_cluster_2415878664_254486231_359566_359576': 4}, {'360082': 3, '360086': 0, 'GS_cluster_2415878664_254486231_359566_359576': 12}, 
25600.0, {'360082': -0.22321428, '360086': 0.0, 'GS_cluster_2415878664_254486231_359566_359576': -2.5625}, {'360082': 4, '360086': 0, 'GS_cluster_2415878664_254486231_359566_359576': 5}, {'360082': 4, '360086': 0, 'GS_cluster_2415878664_254486231_359566_359576': 16}, 
25610.0, {'360082': -0.04910714, '360086': 0.0, 'GS_cluster_2415878664_254486231_359566_359576': -0.59375}, {'360082': 1, '360086': 0, 'GS_cluster_2415878664_254486231_359566_359576': 3}, {'360082': 1, '360086': 0, 'GS_cluster_2415878664_254486231_359566_359576': 10}, 
25620.0, {'360082': -0.12946428, '360086': 0.0, 'GS_cluster_2415878664_254486231_359566_359576': -0.58035713}, {'360082': 4, '360086': 0, 'GS_cluster_2415878664_254486231_359566_359576': 3}, {'360082': 4, '360086': 0, 'GS_cluster_2415878664_254486231_359566_359576': 8}, 
25630.0, {'360082': -0.09821428, '360086': 0.0, 'GS_cluster_2415878664_254486231_359566_359576': -0.9375}, {'360082': 5, '360086': 0, 'GS_cluster_2415878664_254486231_359566_359576': 3}, {'360082': 5, '360086': 0, 'GS_cluster_2415878664_254486231_359566_359576': 8}, 
25640.0, {'360082': -0.19642857, '360086': 0.0, 'GS_cluster_2415878664_254486231_359566_359576': -0.8973214}, {'360082': 4, '360086': 0, 'GS_cluster_2415878664_254486231_359566_359576': 2}, {'360082': 5, '360086': 0, 'GS_cluster_2415878664_254486231_359566_359576': 7}, 
25650.0, {'360082': -0.125, '360086': 0.0, 'GS_cluster_2415878664_254486231_359566_359576': -0.9375}, {'360082': 1, '360086': 0, 'GS_cluster_2415878664_254486231_359566_359576': 2}, {'360082': 2, '360086': 0, 'GS_cluster_2415878664_254486231_359566_359576': 7}, 
25660.0, {'360082': -0.20535715, '360086': -0.026785715, 'GS_cluster_2415878664_254486231_359566_359576': -1.1919643}, {'360082': 5, '360086': 2, 'GS_cluster_2415878664_254486231_359566_359576': 2}, {'360082': 5, '360086': 2, 'GS_cluster_2415878664_254486231_359566_359576': 7}, 
25670.0, {'360082': -0.21428572, '360086': -0.19196428, 'GS_cluster_2415878664_254486231_359566_359576': -0.09375}, {'360082': 4, '360086': 2, 'GS_cluster_2415878664_254486231_359566_359576': 2}, {'360082': 4, '360086': 4, 'GS_cluster_2415878664_254486231_359566_359576': 4}, 
25680.0, {'360082': -0.08928572, '360086': 0.0, 'GS_cluster_2415878664_254486231_359566_359576': -0.27232143}, {'360082': 1, '360086': 0, 'GS_cluster_2415878664_254486231_359566_359576': 2}, {'360082': 2, '360086': 0, 'GS_cluster_2415878664_254486231_359566_359576': 4}, 
25690.0, {'360082': -0.084821425, '360086': 0.0, 'GS_cluster_2415878664_254486231_359566_359576': -0.41517857}, {'360082': 1, '360086': 0, 'GS_cluster_2415878664_254486231_359566_359576': 3}, {'360082': 1, '360086': 0, 'GS_cluster_2415878664_254486231_359566_359576': 7}, 
25700.0, {'360082': 0.0, '360086': -0.04017857, 'GS_cluster_2415878664_254486231_359566_359576': -0.8125}, {'360082': 0, '360086': 1, 'GS_cluster_2415878664_254486231_359566_359576': 5}, {'360082': 0, '360086': 1, 'GS_cluster_2415878664_254486231_359566_359576': 11}, 
25710.0, {'360082': 0.0, '360086': 0.0, 'GS_cluster_2415878664_254486231_359566_359576': -1.3526785}, {'360082': 0, '360086': 0, 'GS_cluster_2415878664_254486231_359566_359576': 5}, {'360082': 0, '360086': 0, 'GS_cluster_2415878664_254486231_359566_359576': 14}, 
25720.0, {'360082': 0.0, '360086': 0.0, 'GS_cluster_2415878664_254486231_359566_359576': -1.7857143}, {'360082': 0, '360086': 0, 'GS_cluster_2415878664_254486231_359566_359576': 6}, {'360082': 0, '360086': 0, 'GS_cluster_2415878664_254486231_359566_359576': 15}, 
25730.0, {'360082': -0.004464286, '360086': -0.035714287, 'GS_cluster_2415878664_254486231_359566_359576': -2.59375}, {'360082': 1, '360086': 1, 'GS_cluster_2415878664_254486231_359566_359576': 8}, {'360082': 1, '360086': 1, 'GS_cluster_2415878664_254486231_359566_359576': 20}, 
25740.0, {'360082': -0.04910714, '360086': 0.0, 'GS_cluster_2415878664_254486231_359566_359576': -3.169643}, {'360082': 1, '360086': 0, 'GS_cluster_2415878664_254486231_359566_359576': 9}, {'360082': 1, '360086': 0, 'GS_cluster_2415878664_254486231_359566_359576': 22}, 
25750.0, {'360082': -0.04017857, '360086': 0.0, 'GS_cluster_2415878664_254486231_359566_359576': -4.0}, {'360082': 1, '360086': 0, 'GS_cluster_2415878664_254486231_359566_359576': 10}, {'360082': 2, '360086': 0, 'GS_cluster_2415878664_254486231_359566_359576': 23}, 
25760.0, {'360082': -0.08035714, '360086': 0.0, 'GS_cluster_2415878664_254486231_359566_359576': -4.0}, {'360082': 1, '360086': 0, 'GS_cluster_2415878664_254486231_359566_359576': 12}, {'360082': 1, '360086': 0, 'GS_cluster_2415878664_254486231_359566_359576': 27}, 
25770.0, {'360082': -0.084821425, '360086': 0.0, 'GS_cluster_2415878664_254486231_359566_359576': -4.0}, {'360082': 3, '360086': 0, 'GS_cluster_2415878664_254486231_359566_359576': 12}, {'360082': 4, '360086': 0, 'GS_cluster_2415878664_254486231_359566_359576': 29}, 
25780.0, {'360082': -0.058035713, '360086': -0.04464286, 'GS_cluster_2415878664_254486231_359566_359576': -4.0}, {'360082': 1, '360086': 2, 'GS_cluster_2415878664_254486231_359566_359576': 13}, {'360082': 1, '360086': 2, 'GS_cluster_2415878664_254486231_359566_359576': 29}, 
25790.0, {'360082': -0.05357143, '360086': -0.21875, 'GS_cluster_2415878664_254486231_359566_359576': -4.0}, {'360082': 2, '360086': 5, 'GS_cluster_2415878664_254486231_359566_359576': 14}, {'360082': 2, '360086': 7, 'GS_cluster_2415878664_254486231_359566_359576': 33}, 
25800.0, {'360082': -0.17857143, '360086': -0.73660713, 'GS_cluster_2415878664_254486231_359566_359576': -4.0}, {'360082': 3, '360086': 11, 'GS_cluster_2415878664_254486231_359566_359576': 11}, {'360082': 3, '360086': 15, 'GS_cluster_2415878664_254486231_359566_359576': 22}, 
25810.0, {'360082': -0.32142857, '360086': -1.2589285, 'GS_cluster_2415878664_254486231_359566_359576': -2.0357144}, {'360082': 3, '360086': 12, 'GS_cluster_2415878664_254486231_359566_359576': 7}, {'360082': 4, '360086': 17, 'GS_cluster_2415878664_254486231_359566_359576': 12}, 
25820.0, {'360082': 0.0, '360086': -2.0089285, 'GS_cluster_2415878664_254486231_359566_359576': -1.7232143}, {'360082': 0, '360086': 14, 'GS_cluster_2415878664_254486231_359566_359576': 5}, {'360082': 0, '360086': 18, 'GS_cluster_2415878664_254486231_359566_359576': 10}, 
25830.0, {'360082': 0.0, '360086': -2.8526785, 'GS_cluster_2415878664_254486231_359566_359576': -0.16071428}, {'360082': 0, '360086': 14, 'GS_cluster_2415878664_254486231_359566_359576': 1}, {'360082': 0, '360086': 19, 'GS_cluster_2415878664_254486231_359566_359576': 2}, 
25840.0, {'360082': 0.0, '360086': -3.7276785, 'GS_cluster_2415878664_254486231_359566_359576': -0.35267857}, {'360082': 0, '360086': 16, 'GS_cluster_2415878664_254486231_359566_359576': 4}, {'360082': 0, '360086': 21, 'GS_cluster_2415878664_254486231_359566_359576': 8}, 
25850.0, {'360082': 0.0, '360086': -4.0, 'GS_cluster_2415878664_254486231_359566_359576': -0.22767857}, {'360082': 0, '360086': 16, 'GS_cluster_2415878664_254486231_359566_359576': 2}, {'360082': 0, '360086': 22, 'GS_cluster_2415878664_254486231_359566_359576': 4}, 
25860.0, {'360082': 0.0, '360086': -4.0, 'GS_cluster_2415878664_254486231_359566_359576': -0.25892857}, {'360082': 0, '360086': 18, 'GS_cluster_2415878664_254486231_359566_359576': 5}, {'360082': 0, '360086': 24, 'GS_cluster_2415878664_254486231_359566_359576': 9}, 
25870.0, {'360082': 0.0, '360086': -3.3482144, 'GS_cluster_2415878664_254486231_359566_359576': -0.16071428}, {'360082': 0, '360086': 14, 'GS_cluster_2415878664_254486231_359566_359576': 2}, {'360082': 0, '360086': 15, 'GS_cluster_2415878664_254486231_359566_359576': 3}, 
25880.0, {'360082': 0.0, '360086': -3.5401785, 'GS_cluster_2415878664_254486231_359566_359576': 0.0}, {'360082': 0, '360086': 13, 'GS_cluster_2415878664_254486231_359566_359576': 0}, {'360082': 0, '360086': 14, 'GS_cluster_2415878664_254486231_359566_359576': 0}, 
25890.0, {'360082': -0.035714287, '360086': -4.0, 'GS_cluster_2415878664_254486231_359566_359576': -0.013392857}, {'360082': 2, '360086': 13, 'GS_cluster_2415878664_254486231_359566_359576': 1}, {'360082': 2, '360086': 13, 'GS_cluster_2415878664_254486231_359566_359576': 1}, 
25900.0, {'360082': 0.0, '360086': -3.263393, 'GS_cluster_2415878664_254486231_359566_359576': 0.0}, {'360082': 0, '360086': 10, 'GS_cluster_2415878664_254486231_359566_359576': 0}, {'360082': 0, '360086': 10, 'GS_cluster_2415878664_254486231_359566_359576': 0}, 
25910.0, {'360082': 0.0, '360086': -3.7098215, 'GS_cluster_2415878664_254486231_359566_359576': -0.017857144}, {'360082': 0, '360086': 10, 'GS_cluster_2415878664_254486231_359566_359576': 1}, {'360082': 0, '360086': 10, 'GS_cluster_2415878664_254486231_359566_359576': 1}, 
25920.0, {'360082': 0.0, '360086': -2.5714285, 'GS_cluster_2415878664_254486231_359566_359576': -0.19642857}, {'360082': 0, '360086': 8, 'GS_cluster_2415878664_254486231_359566_359576': 2}, {'360082': 0, '360086': 8, 'GS_cluster_2415878664_254486231_359566_359576': 7}, 
25930.0, {'360082': -0.03125, '360086': -0.75446427, 'GS_cluster_2415878664_254486231_359566_359576': -0.38839287}, {'360082': 2, '360086': 3, 'GS_cluster_2415878664_254486231_359566_359576': 2}, {'360082': 2, '360086': 4, 'GS_cluster_2415878664_254486231_359566_359576': 7}, 
25940.0, {'360082': -0.21428572, '360086': -0.18303572, 'GS_cluster_2415878664_254486231_359566_359576': -0.035714287}, {'360082': 5, '360086': 2, 'GS_cluster_2415878664_254486231_359566_359576': 2}, {'360082': 5, '360086': 4, 'GS_cluster_2415878664_254486231_359566_359576': 2}, 
25950.0, {'360082': -0.48660713, '360086': -0.04017857, 'GS_cluster_2415878664_254486231_359566_359576': -0.13392857}, {'360082': 4, '360086': 1, 'GS_cluster_2415878664_254486231_359566_359576': 2}, {'360082': 7, '360086': 2, 'GS_cluster_2415878664_254486231_359566_359576': 3}, 
25960.0, {'360082': 0.0, '360086': -0.22321428, 'GS_cluster_2415878664_254486231_359566_359576': -0.0625}, {'360082': 0, '360086': 3, 'GS_cluster_2415878664_254486231_359566_359576': 1}, {'360082': 0, '360086': 6, 'GS_cluster_2415878664_254486231_359566_359576': 2}, 
25970.0, {'360082': 0.0, '360086': -0.5401786, 'GS_cluster_2415878664_254486231_359566_359576': -0.15178572}, {'360082': 0, '360086': 3, 'GS_cluster_2415878664_254486231_359566_359576': 1}, {'360082': 0, '360086': 8, 'GS_cluster_2415878664_254486231_359566_359576': 2}, 
25980.0, {'360082': -0.004464286, '360086': -0.19196428, 'GS_cluster_2415878664_254486231_359566_359576': -0.24107143}, {'360082': 1, '360086': 2, 'GS_cluster_2415878664_254486231_359566_359576': 1}, {'360082': 1, '360086': 3, 'GS_cluster_2415878664_254486231_359566_359576': 2}, 
25990.0, {'360082': 0.0, '360086': -0.375, 'GS_cluster_2415878664_254486231_359566_359576': -0.33035713}, {'360082': 0, '360086': 3, 'GS_cluster_2415878664_254486231_359566_359576': 1}, {'360082': 0, '360086': 5, 'GS_cluster_2415878664_254486231_359566_359576': 2}, 
26000.0, {'360082': -0.035714287, '360086': -0.6875, 'GS_cluster_2415878664_254486231_359566_359576': -0.42857143}, {'360082': 1, '360086': 3, 'GS_cluster_2415878664_254486231_359566_359576': 1}, {'360082': 1, '360086': 8, 'GS_cluster_2415878664_254486231_359566_359576': 3}, 
26010.0, {'360082': -0.08035714, '360086': -1.0446428, 'GS_cluster_2415878664_254486231_359566_359576': -0.54464287}, {'360082': 1, '360086': 3, 'GS_cluster_2415878664_254486231_359566_359576': 1}, {'360082': 1, '360086': 8, 'GS_cluster_2415878664_254486231_359566_359576': 3}, 
26020.0, {'360082': -0.15178572, '360086': 0.0, 'GS_cluster_2415878664_254486231_359566_359576': -0.6785714}, {'360082': 1, '360086': 0, 'GS_cluster_2415878664_254486231_359566_359576': 1}, {'360082': 2, '360086': 0, 'GS_cluster_2415878664_254486231_359566_359576': 3}, 
26030.0, {'360082': 0.0, '360086': -0.04017857, 'GS_cluster_2415878664_254486231_359566_359576': -0.10714286}, {'360082': 0, '360086': 1, 'GS_cluster_2415878664_254486231_359566_359576': 1}, {'360082': 0, '360086': 1, 'GS_cluster_2415878664_254486231_359566_359576': 4}, 
26040.0, {'360082': 0.0, '360086': -0.084821425, 'GS_cluster_2415878664_254486231_359566_359576': -0.20535715}, {'360082': 0, '360086': 1, 'GS_cluster_2415878664_254486231_359566_359576': 1}, {'360082': 0, '360086': 1, 'GS_cluster_2415878664_254486231_359566_359576': 3}, 
26050.0, {'360082': -0.035714287, '360086': 0.0, 'GS_cluster_2415878664_254486231_359566_359576': -0.35714287}, {'360082': 2, '360086': 0, 'GS_cluster_2415878664_254486231_359566_359576': 2}, {'360082': 2, '360086': 0, 'GS_cluster_2415878664_254486231_359566_359576': 5}, 
26060.0, {'360082': 0.0, '360086': -0.04464286, 'GS_cluster_2415878664_254486231_359566_359576': -0.02232143}, {'360082': 0, '360086': 1, 'GS_cluster_2415878664_254486231_359566_359576': 1}, {'360082': 0, '360086': 3, 'GS_cluster_2415878664_254486231_359566_359576': 1}, 
26070.0, {'360082': -0.013392857, '360086': -0.05357143, 'GS_cluster_2415878664_254486231_359566_359576': -0.21875}, {'360082': 1, '360086': 1, 'GS_cluster_2415878664_254486231_359566_359576': 2}, {'360082': 1, '360086': 1, 'GS_cluster_2415878664_254486231_359566_359576': 8}, 
26080.0, {'360082': -0.05357143, '360086': -0.058035713, 'GS_cluster_2415878664_254486231_359566_359576': -0.61160713}, {'360082': 1, '360086': 2, 'GS_cluster_2415878664_254486231_359566_359576': 3}, {'360082': 2, '360086': 3, 'GS_cluster_2415878664_254486231_359566_359576': 9}, 
26090.0, {'360082': 0.0, '360086': -0.20089285, 'GS_cluster_2415878664_254486231_359566_359576': -0.026785715}, {'360082': 0, '360086': 3, 'GS_cluster_2415878664_254486231_359566_359576': 1}, {'360082': 0, '360086': 4, 'GS_cluster_2415878664_254486231_359566_359576': 2}, 
26100.0, {'360082': 0.0, '360086': -0.008928572, 'GS_cluster_2415878664_254486231_359566_359576': -0.14732143}, {'360082': 0, '360086': 1, 'GS_cluster_2415878664_254486231_359566_359576': 2}, {'360082': 0, '360086': 1, 'GS_cluster_2415878664_254486231_359566_359576': 3}, 
26110.0, {'360082': 0.0, '360086': -0.06696428, 'GS_cluster_2415878664_254486231_359566_359576': -0.16071428}, {'360082': 0, '360086': 1, 'GS_cluster_2415878664_254486231_359566_359576': 2}, {'360082': 0, '360086': 2, 'GS_cluster_2415878664_254486231_359566_359576': 4}, 
26120.0, {'360082': 0.0, '360086': -0.27232143, 'GS_cluster_2415878664_254486231_359566_359576': -0.17857143}, {'360082': 0, '360086': 3, 'GS_cluster_2415878664_254486231_359566_359576': 1}, {'360082': 0, '360086': 6, 'GS_cluster_2415878664_254486231_359566_359576': 2}, 
26130.0, {'360082': 0.0, '360086': -0.5401786, 'GS_cluster_2415878664_254486231_359566_359576': -0.10714286}, {'360082': 0, '360086': 3, 'GS_cluster_2415878664_254486231_359566_359576': 2}, {'360082': 0, '360086': 6, 'GS_cluster_2415878664_254486231_359566_359576': 4}, 
26140.0, {'360082': 0.0, '360086': -0.84821427, 'GS_cluster_2415878664_254486231_359566_359576': -0.05357143}, {'360082': 0, '360086': 3, 'GS_cluster_2415878664_254486231_359566_359576': 2}, {'360082': 0, '360086': 7, 'GS_cluster_2415878664_254486231_359566_359576': 3}, 
26150.0, {'360082': -0.03125, '360086': -1.2232143, 'GS_cluster_2415878664_254486231_359566_359576': -0.22321428}, {'360082': 1, '360086': 3, 'GS_cluster_2415878664_254486231_359566_359576': 2}, {'360082': 1, '360086': 10, 'GS_cluster_2415878664_254486231_359566_359576': 4}, 
26160.0, {'360082': -0.008928572, '360086': -1.6830357, 'GS_cluster_2415878664_254486231_359566_359576': -0.55803573}, {'360082': 1, '360086': 3, 'GS_cluster_2415878664_254486231_359566_359576': 3}, {'360082': 1, '360086': 11, 'GS_cluster_2415878664_254486231_359566_359576': 9}, 
26170.0, {'360082': -0.05357143, '360086': -2.2098215, 'GS_cluster_2415878664_254486231_359566_359576': -0.19196428}, {'360082': 1, '360086': 4, 'GS_cluster_2415878664_254486231_359566_359576': 2}, {'360082': 1, '360086': 13, 'GS_cluster_2415878664_254486231_359566_359576': 4}, 
26180.0, {'360082': 0.0, '360086': -0.07589286, 'GS_cluster_2415878664_254486231_359566_359576': -0.017857144}, {'360082': 0, '360086': 1, 'GS_cluster_2415878664_254486231_359566_359576': 1}, {'360082': 0, '360086': 1, 'GS_cluster_2415878664_254486231_359566_359576': 1}, 
26190.0, {'360082': -0.07589286, '360086': -0.21428572, 'GS_cluster_2415878664_254486231_359566_359576': -0.09821428}, {'360082': 1, '360086': 2, 'GS_cluster_2415878664_254486231_359566_359576': 2}, {'360082': 3, '360086': 5, 'GS_cluster_2415878664_254486231_359566_359576': 4}, 
26200.0, {'360082': -0.2857143, '360086': -0.45535713, 'GS_cluster_2415878664_254486231_359566_359576': -0.2767857}, {'360082': 2, '360086': 3, 'GS_cluster_2415878664_254486231_359566_359576': 2}, {'360082': 5, '360086': 6, 'GS_cluster_2415878664_254486231_359566_359576': 4}, 
26210.0, {'360082': -0.67410713, '360086': -0.017857144, 'GS_cluster_2415878664_254486231_359566_359576': -0.02232143}, {'360082': 6, '360086': 1, 'GS_cluster_2415878664_254486231_359566_359576': 2}, {'360082': 13, '360086': 1, 'GS_cluster_2415878664_254486231_359566_359576': 2}, 
26220.0, {'360082': -0.25, '360086': -0.0625, 'GS_cluster_2415878664_254486231_359566_359576': -0.24553572}, {'360082': 3, '360086': 1, 'GS_cluster_2415878664_254486231_359566_359576': 2}, {'360082': 5, '360086': 1, 'GS_cluster_2415878664_254486231_359566_359576': 8}, 
26230.0, {'360082': -0.38392857, '360086': -0.004464286, 'GS_cluster_2415878664_254486231_359566_359576': -0.2544643}, {'360082': 4, '360086': 1, 'GS_cluster_2415878664_254486231_359566_359576': 3}, {'360082': 7, '360086': 1, 'GS_cluster_2415878664_254486231_359566_359576': 5}, 
26240.0, {'360082': -0.8348214, '360086': -0.03125, 'GS_cluster_2415878664_254486231_359566_359576': -0.53571427}, {'360082': 7, '360086': 1, 'GS_cluster_2415878664_254486231_359566_359576': 3}, {'360082': 13, '360086': 1, 'GS_cluster_2415878664_254486231_359566_359576': 7}, 
26250.0, {'360082': -0.58035713, '360086': -0.13392857, 'GS_cluster_2415878664_254486231_359566_359576': -0.19642857}, {'360082': 5, '360086': 1, 'GS_cluster_2415878664_254486231_359566_359576': 1}, {'360082': 10, '360086': 3, 'GS_cluster_2415878664_254486231_359566_359576': 4}, 
26260.0, {'360082': -0.83928573, '360086': 0.0, 'GS_cluster_2415878664_254486231_359566_359576': -0.34375}, {'360082': 5, '360086': 0, 'GS_cluster_2415878664_254486231_359566_359576': 2}, {'360082': 10, '360086': 0, 'GS_cluster_2415878664_254486231_359566_359576': 7}, 
26270.0, {'360082': -0.5401786, '360086': -0.04464286, 'GS_cluster_2415878664_254486231_359566_359576': -0.67410713}, {'360082': 4, '360086': 2, 'GS_cluster_2415878664_254486231_359566_359576': 2}, {'360082': 8, '360086': 3, 'GS_cluster_2415878664_254486231_359566_359576': 9}, 
26280.0, {'360082': -0.13392857, '360086': -0.22767857, 'GS_cluster_2415878664_254486231_359566_359576': -1.0267857}, {'360082': 2, '360086': 4, 'GS_cluster_2415878664_254486231_359566_359576': 2}, {'360082': 2, '360086': 6, 'GS_cluster_2415878664_254486231_359566_359576': 9}, 
26290.0, {'360082': -0.16517857, '360086': -0.058035713, 'GS_cluster_2415878664_254486231_359566_359576': -1.4776785}, {'360082': 3, '360086': 1, 'GS_cluster_2415878664_254486231_359566_359576': 3}, {'360082': 8, '360086': 1, 'GS_cluster_2415878664_254486231_359566_359576': 11}, 
26300.0, {'360082': -0.42410713, '360086': 0.0, 'GS_cluster_2415878664_254486231_359566_359576': -2.044643}, {'360082': 5, '360086': 0, 'GS_cluster_2415878664_254486231_359566_359576': 4}, {'360082': 8, '360086': 0, 'GS_cluster_2415878664_254486231_359566_359576': 14}, 
26310.0, {'360082': -0.14285715, '360086': -0.004464286, 'GS_cluster_2415878664_254486231_359566_359576': -2.7232144}, {'360082': 2, '360086': 1, 'GS_cluster_2415878664_254486231_359566_359576': 5}, {'360082': 2, '360086': 1, 'GS_cluster_2415878664_254486231_359566_359576': 16}, 
26320.0, {'360082': -0.008928572, '360086': -0.08928572, 'GS_cluster_2415878664_254486231_359566_359576': -3.4732144}, {'360082': 1, '360086': 2, 'GS_cluster_2415878664_254486231_359566_359576': 5}, {'360082': 1, '360086': 2, 'GS_cluster_2415878664_254486231_359566_359576': 18}, 
26330.0, {'360082': -0.04464286, '360086': -0.013392857, 'GS_cluster_2415878664_254486231_359566_359576': -4.0}, {'360082': 2, '360086': 1, 'GS_cluster_2415878664_254486231_359566_359576': 7}, {'360082': 3, '360086': 2, 'GS_cluster_2415878664_254486231_359566_359576': 20}, 
26340.0, {'360082': -0.06696428, '360086': -0.102678575, 'GS_cluster_2415878664_254486231_359566_359576': -4.0}, {'360082': 1, '360086': 1, 'GS_cluster_2415878664_254486231_359566_359576': 9}, {'360082': 1, '360086': 2, 'GS_cluster_2415878664_254486231_359566_359576': 25}, 
26350.0, {'360082': -0.19196428, '360086': -0.2544643, 'GS_cluster_2415878664_254486231_359566_359576': -4.0}, {'360082': 2, '360086': 2, 'GS_cluster_2415878664_254486231_359566_359576': 9}, {'360082': 3, '360086': 4, 'GS_cluster_2415878664_254486231_359566_359576': 30}, 
26360.0, {'360082': -0.32589287, '360086': -0.48660713, 'GS_cluster_2415878664_254486231_359566_359576': -4.0}, {'360082': 2, '360086': 3, 'GS_cluster_2415878664_254486231_359566_359576': 9}, {'360082': 3, '360086': 8, 'GS_cluster_2415878664_254486231_359566_359576': 33}, 
26370.0, {'360082': -0.026785715, '360086': -0.11160714, 'GS_cluster_2415878664_254486231_359566_359576': -4.0}, {'360082': 2, '360086': 2, 'GS_cluster_2415878664_254486231_359566_359576': 9}, {'360082': 2, '360086': 2, 'GS_cluster_2415878664_254486231_359566_359576': 38}, 
26380.0, {'360082': -0.11160714, '360086': -0.23214285, 'GS_cluster_2415878664_254486231_359566_359576': -4.0}, {'360082': 2, '360086': 2, 'GS_cluster_2415878664_254486231_359566_359576': 9}, {'360082': 3, '360086': 3, 'GS_cluster_2415878664_254486231_359566_359576': 38}, 
26390.0, {'360082': -0.084821425, '360086': -0.36607143, 'GS_cluster_2415878664_254486231_359566_359576': -4.0}, {'360082': 1, '360086': 2, 'GS_cluster_2415878664_254486231_359566_359576': 10}, {'360082': 2, '360086': 3, 'GS_cluster_2415878664_254486231_359566_359576': 42}, 
26400.0, {'360082': -0.19642857, '360086': -0.52678573, 'GS_cluster_2415878664_254486231_359566_359576': -4.0}, {'360082': 2, '360086': 3, 'GS_cluster_2415878664_254486231_359566_359576': 11}, {'360082': 4, '360086': 4, 'GS_cluster_2415878664_254486231_359566_359576': 44}, 
26410.0, {'360082': -0.26339287, '360086': 0.0, 'GS_cluster_2415878664_254486231_359566_359576': -4.0}, {'360082': 1, '360086': 0, 'GS_cluster_2415878664_254486231_359566_359576': 12}, {'360082': 2, '360086': 0, 'GS_cluster_2415878664_254486231_359566_359576': 45}, 
26420.0, {'360082': -0.35267857, '360086': 0.0, 'GS_cluster_2415878664_254486231_359566_359576': -4.0}, {'360082': 1, '360086': 0, 'GS_cluster_2415878664_254486231_359566_359576': 12}, {'360082': 2, '360086': 0, 'GS_cluster_2415878664_254486231_359566_359576': 49}, 
26430.0, {'360082': 0.0, '360086': -0.08928572, 'GS_cluster_2415878664_254486231_359566_359576': -4.0}, {'360082': 0, '360086': 1, 'GS_cluster_2415878664_254486231_359566_359576': 14}, {'360082': 0, '360086': 2, 'GS_cluster_2415878664_254486231_359566_359576': 54}, 
26440.0, {'360082': -0.02232143, '360086': -0.08928572, 'GS_cluster_2415878664_254486231_359566_359576': -4.0}, {'360082': 1, '360086': 1, 'GS_cluster_2415878664_254486231_359566_359576': 16}, {'360082': 1, '360086': 1, 'GS_cluster_2415878664_254486231_359566_359576': 57}, 
26450.0, {'360082': -0.07589286, '360086': 0.0, 'GS_cluster_2415878664_254486231_359566_359576': -4.0}, {'360082': 1, '360086': 0, 'GS_cluster_2415878664_254486231_359566_359576': 16}, {'360082': 2, '360086': 0, 'GS_cluster_2415878664_254486231_359566_359576': 58}, 
26460.0, {'360082': -0.17857143, '360086': 0.0, 'GS_cluster_2415878664_254486231_359566_359576': -4.0}, {'360082': 2, '360086': 0, 'GS_cluster_2415878664_254486231_359566_359576': 16}, {'360082': 3, '360086': 0, 'GS_cluster_2415878664_254486231_359566_359576': 58}, 
26470.0, {'360082': -0.38392857, '360086': 0.0, 'GS_cluster_2415878664_254486231_359566_359576': -4.0}, {'360082': 2, '360086': 0, 'GS_cluster_2415878664_254486231_359566_359576': 16}, {'360082': 6, '360086': 0, 'GS_cluster_2415878664_254486231_359566_359576': 59}, 
26480.0, {'360082': -0.16071428, '360086': 0.0, 'GS_cluster_2415878664_254486231_359566_359576': -4.0}, {'360082': 5, '360086': 0, 'GS_cluster_2415878664_254486231_359566_359576': 15}, {'360082': 5, '360086': 0, 'GS_cluster_2415878664_254486231_359566_359576': 56}, 
26490.0, {'360082': -0.13392857, '360086': -0.035714287, 'GS_cluster_2415878664_254486231_359566_359576': -4.0}, {'360082': 2, '360086': 1, 'GS_cluster_2415878664_254486231_359566_359576': 15}, {'360082': 3, '360086': 1, 'GS_cluster_2415878664_254486231_359566_359576': 57}, 
26500.0, {'360082': -0.06696428, '360086': 0.0, 'GS_cluster_2415878664_254486231_359566_359576': -4.0}, {'360082': 1, '360086': 0, 'GS_cluster_2415878664_254486231_359566_359576': 16}, {'360082': 1, '360086': 0, 'GS_cluster_2415878664_254486231_359566_359576': 58}, 
26510.0, {'360082': -0.008928572, '360086': -0.004464286, 'GS_cluster_2415878664_254486231_359566_359576': -4.0}, {'360082': 1, '360086': 1, 'GS_cluster_2415878664_254486231_359566_359576': 16}, {'360082': 1, '360086': 1, 'GS_cluster_2415878664_254486231_359566_359576': 61}, 
26520.0, {'360082': -0.05357143, '360086': 0.0, 'GS_cluster_2415878664_254486231_359566_359576': -4.0}, {'360082': 1, '360086': 0, 'GS_cluster_2415878664_254486231_359566_359576': 16}, {'360082': 1, '360086': 0, 'GS_cluster_2415878664_254486231_359566_359576': 61}, 
26530.0, {'360082': -0.05357143, '360086': -0.008928572, 'GS_cluster_2415878664_254486231_359566_359576': -4.0}, {'360082': 3, '360086': 1, 'GS_cluster_2415878664_254486231_359566_359576': 16}, {'360082': 3, '360086': 1, 'GS_cluster_2415878664_254486231_359566_359576': 61}, 
26540.0, {'360082': -0.004464286, '360086': -0.017857144, 'GS_cluster_2415878664_254486231_359566_359576': -4.0}, {'360082': 1, '360086': 1, 'GS_cluster_2415878664_254486231_359566_359576': 16}, {'360082': 1, '360086': 1, 'GS_cluster_2415878664_254486231_359566_359576': 61}, 
26550.0, {'360082': -0.07589286, '360086': -0.125, 'GS_cluster_2415878664_254486231_359566_359576': -4.0}, {'360082': 1, '360086': 2, 'GS_cluster_2415878664_254486231_359566_359576': 16}, {'360082': 2, '360086': 3, 'GS_cluster_2415878664_254486231_359566_359576': 61}, 
26560.0, {'360082': -0.13392857, '360086': -0.15178572, 'GS_cluster_2415878664_254486231_359566_359576': -4.0}, {'360082': 2, '360086': 2, 'GS_cluster_2415878664_254486231_359566_359576': 16}, {'360082': 4, '360086': 2, 'GS_cluster_2415878664_254486231_359566_359576': 62}, 
26570.0, {'360082': -0.12946428, '360086': -0.026785715, 'GS_cluster_2415878664_254486231_359566_359576': -4.0}, {'360082': 3, '360086': 1, 'GS_cluster_2415878664_254486231_359566_359576': 16}, {'360082': 3, '360086': 1, 'GS_cluster_2415878664_254486231_359566_359576': 62}, 
26580.0, {'360082': -0.36607143, '360086': -0.03125, 'GS_cluster_2415878664_254486231_359566_359576': -4.0}, {'360082': 7, '360086': 1, 'GS_cluster_2415878664_254486231_359566_359576': 16}, {'360082': 7, '360086': 1, 'GS_cluster_2415878664_254486231_359566_359576': 63}, 
26590.0, {'360082': -0.35714287, '360086': -0.03125, 'GS_cluster_2415878664_254486231_359566_359576': -4.0}, {'360082': 4, '360086': 1, 'GS_cluster_2415878664_254486231_359566_359576': 16}, {'360082': 8, '360086': 1, 'GS_cluster_2415878664_254486231_359566_359576': 64}, 
26600.0, {'360082': -0.51339287, '360086': -0.04017857, 'GS_cluster_2415878664_254486231_359566_359576': -4.0}, {'360082': 4, '360086': 2, 'GS_cluster_2415878664_254486231_359566_359576': 16}, {'360082': 5, '360086': 2, 'GS_cluster_2415878664_254486231_359566_359576': 66}, 
26610.0, {'360082': -0.68303573, '360086': 0.0, 'GS_cluster_2415878664_254486231_359566_359576': -4.0}, {'360082': 5, '360086': 0, 'GS_cluster_2415878664_254486231_359566_359576': 16}, {'360082': 5, '360086': 0, 'GS_cluster_2415878664_254486231_359566_359576': 66}, 
26620.0, {'360082': -1.0044643, '360086': -0.004464286, 'GS_cluster_2415878664_254486231_359566_359576': -4.0}, {'360082': 8, '360086': 1, 'GS_cluster_2415878664_254486231_359566_359576': 16}, {'360082': 8, '360086': 1, 'GS_cluster_2415878664_254486231_359566_359576': 69}, 
26630.0, {'360082': -0.62053573, '360086': -0.084821425, 'GS_cluster_2415878664_254486231_359566_359576': -4.0}, {'360082': 7, '360086': 2, 'GS_cluster_2415878664_254486231_359566_359576': 17}, {'360082': 7, '360086': 3, 'GS_cluster_2415878664_254486231_359566_359576': 70}, 
26640.0, {'360082': -0.51785713, '360086': -0.05357143, 'GS_cluster_2415878664_254486231_359566_359576': -4.0}, {'360082': 5, '360086': 1, 'GS_cluster_2415878664_254486231_359566_359576': 17}, {'360082': 7, '360086': 2, 'GS_cluster_2415878664_254486231_359566_359576': 72}, 
26650.0, {'360082': -0.79464287, '360086': -0.04910714, 'GS_cluster_2415878664_254486231_359566_359576': -4.0}, {'360082': 5, '360086': 1, 'GS_cluster_2415878664_254486231_359566_359576': 18}, {'360082': 12, '360086': 2, 'GS_cluster_2415878664_254486231_359566_359576': 74}, 
26660.0, {'360082': -0.67410713, '360086': -0.13839285, 'GS_cluster_2415878664_254486231_359566_359576': -4.0}, {'360082': 5, '360086': 1, 'GS_cluster_2415878664_254486231_359566_359576': 18}, {'360082': 9, '360086': 2, 'GS_cluster_2415878664_254486231_359566_359576': 74}, 
26670.0, {'360082': -1.0758928, '360086': 0.0, 'GS_cluster_2415878664_254486231_359566_359576': -4.0}, {'360082': 5, '360086': 0, 'GS_cluster_2415878664_254486231_359566_359576': 18}, {'360082': 9, '360086': 0, 'GS_cluster_2415878664_254486231_359566_359576': 74}, 
26680.0, {'360082': -1.4776785, '360086': -0.004464286, 'GS_cluster_2415878664_254486231_359566_359576': -4.0}, {'360082': 5, '360086': 1, 'GS_cluster_2415878664_254486231_359566_359576': 18}, {'360082': 9, '360086': 1, 'GS_cluster_2415878664_254486231_359566_359576': 71}, 
26690.0, {'360082': -1.8794643, '360086': 0.0, 'GS_cluster_2415878664_254486231_359566_359576': -4.0}, {'360082': 5, '360086': 0, 'GS_cluster_2415878664_254486231_359566_359576': 18}, {'360082': 9, '360086': 0, 'GS_cluster_2415878664_254486231_359566_359576': 70}, 
26700.0, {'360082': -2.28125, '360086': -0.04464286, 'GS_cluster_2415878664_254486231_359566_359576': -4.0}, {'360082': 5, '360086': 3, 'GS_cluster_2415878664_254486231_359566_359576': 18}, {'360082': 9, '360086': 3, 'GS_cluster_2415878664_254486231_359566_359576': 70}, 
26710.0, {'360082': -2.6830356, '360086': -0.03125, 'GS_cluster_2415878664_254486231_359566_359576': -4.0}, {'360082': 5, '360086': 1, 'GS_cluster_2415878664_254486231_359566_359576': 18}, {'360082': 9, '360086': 2, 'GS_cluster_2415878664_254486231_359566_359576': 69}, 
26720.0, {'360082': -3.0848215, '360086': -0.12053572, 'GS_cluster_2415878664_254486231_359566_359576': -4.0}, {'360082': 5, '360086': 1, 'GS_cluster_2415878664_254486231_359566_359576': 18}, {'360082': 9, '360086': 2, 'GS_cluster_2415878664_254486231_359566_359576': 73}, 
26730.0, {'360082': -3.486607, '360086': 0.0, 'GS_cluster_2415878664_254486231_359566_359576': -4.0}, {'360082': 5, '360086': 0, 'GS_cluster_2415878664_254486231_359566_359576': 18}, {'360082': 9, '360086': 0, 'GS_cluster_2415878664_254486231_359566_359576': 70}, 
26740.0, {'360082': -1.2857143, '360086': 0.0, 'GS_cluster_2415878664_254486231_359566_359576': -4.0}, {'360082': 2, '360086': 0, 'GS_cluster_2415878664_254486231_359566_359576': 18}, {'360082': 5, '360086': 0, 'GS_cluster_2415878664_254486231_359566_359576': 70}, 
26750.0, {'360082': -0.15178572, '360086': -0.02232143, 'GS_cluster_2415878664_254486231_359566_359576': -4.0}, {'360082': 2, '360086': 1, 'GS_cluster_2415878664_254486231_359566_359576': 18}, {'360082': 2, '360086': 1, 'GS_cluster_2415878664_254486231_359566_359576': 70}, 
26760.0, {'360082': -0.13392857, '360086': -0.071428575, 'GS_cluster_2415878664_254486231_359566_359576': -4.0}, {'360082': 1, '360086': 1, 'GS_cluster_2415878664_254486231_359566_359576': 18}, {'360082': 2, '360086': 2, 'GS_cluster_2415878664_254486231_359566_359576': 70}, 
26770.0, {'360082': -0.09821428, '360086': -0.03125, 'GS_cluster_2415878664_254486231_359566_359576': -4.0}, {'360082': 1, '360086': 1, 'GS_cluster_2415878664_254486231_359566_359576': 18}, {'360082': 3, '360086': 1, 'GS_cluster_2415878664_254486231_359566_359576': 70}, 
26780.0, {'360082': 0.0, '360086': 0.0, 'GS_cluster_2415878664_254486231_359566_359576': -4.0}, {'360082': 0, '360086': 0, 'GS_cluster_2415878664_254486231_359566_359576': 18}, {'360082': 0, '360086': 0, 'GS_cluster_2415878664_254486231_359566_359576': 66}, 
26790.0, {'360082': 0.0, '360086': 0.0, 'GS_cluster_2415878664_254486231_359566_359576': -4.0}, {'360082': 0, '360086': 0, 'GS_cluster_2415878664_254486231_359566_359576': 18}, {'360082': 0, '360086': 0, 'GS_cluster_2415878664_254486231_359566_359576': 65}, 
26800.0, {'360082': 0.0, '360086': -0.04017857, 'GS_cluster_2415878664_254486231_359566_359576': -4.0}, {'360082': 0, '360086': 2, 'GS_cluster_2415878664_254486231_359566_359576': 18}, {'360082': 0, '360086': 2, 'GS_cluster_2415878664_254486231_359566_359576': 62}, 
26810.0, {'360082': 0.0, '360086': 0.0, 'GS_cluster_2415878664_254486231_359566_359576': -4.0}, {'360082': 0, '360086': 0, 'GS_cluster_2415878664_254486231_359566_359576': 18}, {'360082': 0, '360086': 0, 'GS_cluster_2415878664_254486231_359566_359576': 63}, 
26820.0, {'360082': 0.0, '360086': 0.0, 'GS_cluster_2415878664_254486231_359566_359576': -4.0}, {'360082': 0, '360086': 0, 'GS_cluster_2415878664_254486231_359566_359576': 18}, {'360082': 0, '360086': 0, 'GS_cluster_2415878664_254486231_359566_359576': 67}, 
26830.0, {'360082': 0.0, '360086': 0.0, 'GS_cluster_2415878664_254486231_359566_359576': -4.0}, {'360082': 0, '360086': 0, 'GS_cluster_2415878664_254486231_359566_359576': 18}, {'360082': 0, '360086': 0, 'GS_cluster_2415878664_254486231_359566_359576': 73}, 
26840.0, {'360082': 0.0, '360086': 0.0, 'GS_cluster_2415878664_254486231_359566_359576': -4.0}, {'360082': 0, '360086': 0, 'GS_cluster_2415878664_254486231_359566_359576': 18}, {'360082': 0, '360086': 0, 'GS_cluster_2415878664_254486231_359566_359576': 73}, 
26850.0, {'360082': 0.0, '360086': 0.0, 'GS_cluster_2415878664_254486231_359566_359576': -4.0}, {'360082': 0, '360086': 0, 'GS_cluster_2415878664_254486231_359566_359576': 18}, {'360082': 0, '360086': 0, 'GS_cluster_2415878664_254486231_359566_359576': 73}, 
26860.0, {'360082': 0.0, '360086': -0.02232143, 'GS_cluster_2415878664_254486231_359566_359576': -4.0}, {'360082': 0, '360086': 1, 'GS_cluster_2415878664_254486231_359566_359576': 18}, {'360082': 0, '360086': 1, 'GS_cluster_2415878664_254486231_359566_359576': 73}, 
26870.0, {'360082': 0.0, '360086': 0.0, 'GS_cluster_2415878664_254486231_359566_359576': -4.0}, {'360082': 0, '360086': 0, 'GS_cluster_2415878664_254486231_359566_359576': 18}, {'360082': 0, '360086': 0, 'GS_cluster_2415878664_254486231_359566_359576': 70}, 
26880.0, {'360082': 0.0, '360086': 0.0, 'GS_cluster_2415878664_254486231_359566_359576': -4.0}, {'360082': 0, '360086': 0, 'GS_cluster_2415878664_254486231_359566_359576': 18}, {'360082': 0, '360086': 0, 'GS_cluster_2415878664_254486231_359566_359576': 64}, 
26890.0, {'360082': 0.0, '360086': -0.004464286, 'GS_cluster_2415878664_254486231_359566_359576': -4.0}, {'360082': 0, '360086': 1, 'GS_cluster_2415878664_254486231_359566_359576': 18}, {'360082': 0, '360086': 1, 'GS_cluster_2415878664_254486231_359566_359576': 64}, 
26900.0, {'360082': 0.0, '360086': -0.09375, 'GS_cluster_2415878664_254486231_359566_359576': -4.0}, {'360082': 0, '360086': 3, 'GS_cluster_2415878664_254486231_359566_359576': 18}, {'360082': 0, '360086': 3, 'GS_cluster_2415878664_254486231_359566_359576': 65}, 
26910.0, {'360082': 0.0, '360086': -0.22767857, 'GS_cluster_2415878664_254486231_359566_359576': -4.0}, {'360082': 0, '360086': 3, 'GS_cluster_2415878664_254486231_359566_359576': 18}, {'360082': 0, '360086': 3, 'GS_cluster_2415878664_254486231_359566_359576': 74}, 
26920.0, {'360082': 0.0, '360086': -0.23660715, 'GS_cluster_2415878664_254486231_359566_359576': -4.0}, {'360082': 0, '360086': 3, 'GS_cluster_2415878664_254486231_359566_359576': 18}, {'360082': 0, '360086': 3, 'GS_cluster_2415878664_254486231_359566_359576': 70}, 
26930.0, {'360082': 0.0, '360086': 0.0, 'GS_cluster_2415878664_254486231_359566_359576': -4.0}, {'360082': 0, '360086': 0, 'GS_cluster_2415878664_254486231_359566_359576': 18}, {'360082': 0, '360086': 0, 'GS_cluster_2415878664_254486231_359566_359576': 65}, 
26940.0, {'360082': -0.07589286, '360086': -0.04464286, 'GS_cluster_2415878664_254486231_359566_359576': -4.0}, {'360082': 3, '360086': 1, 'GS_cluster_2415878664_254486231_359566_359576': 18}, {'360082': 4, '360086': 2, 'GS_cluster_2415878664_254486231_359566_359576': 59}, 
26950.0, {'360082': 0.0, '360086': -0.13392857, 'GS_cluster_2415878664_254486231_359566_359576': -4.0}, {'360082': 0, '360086': 1, 'GS_cluster_2415878664_254486231_359566_359576': 18}, {'360082': 0, '360086': 2, 'GS_cluster_2415878664_254486231_359566_359576': 59}, 
26960.0, {'360082': 0.0, '360086': -0.25, 'GS_cluster_2415878664_254486231_359566_359576': -4.0}, {'360082': 0, '360086': 2, 'GS_cluster_2415878664_254486231_359566_359576': 18}, {'360082': 0, '360086': 3, 'GS_cluster_2415878664_254486231_359566_359576': 56}, 
26970.0, {'360082': 0.0, '360086': 0.0, 'GS_cluster_2415878664_254486231_359566_359576': -4.0}, {'360082': 0, '360086': 0, 'GS_cluster_2415878664_254486231_359566_359576': 18}, {'360082': 0, '360086': 0, 'GS_cluster_2415878664_254486231_359566_359576': 56}, 
26980.0, {'360082': -0.008928572, '360086': -0.116071425, 'GS_cluster_2415878664_254486231_359566_359576': -4.0}, {'360082': 1, '360086': 2, 'GS_cluster_2415878664_254486231_359566_359576': 18}, {'360082': 1, '360086': 4, 'GS_cluster_2415878664_254486231_359566_359576': 57}, 
26990.0, {'360082': -0.08928572, '360086': -0.29464287, 'GS_cluster_2415878664_254486231_359566_359576': -4.0}, {'360082': 2, '360086': 2, 'GS_cluster_2415878664_254486231_359566_359576': 18}, {'360082': 2, '360086': 4, 'GS_cluster_2415878664_254486231_359566_359576': 59}, 
27000.0, {'360082': -0.17857143, '360086': -0.02232143, 'GS_cluster_2415878664_254486231_359566_359576': -4.0}, {'360082': 1, '360086': 1, 'GS_cluster_2415878664_254486231_359566_359576': 18}, {'360082': 2, '360086': 2, 'GS_cluster_2415878664_254486231_359566_359576': 60}, 
27010.0, {'360082': -0.26785713, '360086': -0.14285715, 'GS_cluster_2415878664_254486231_359566_359576': -4.0}, {'360082': 1, '360086': 2, 'GS_cluster_2415878664_254486231_359566_359576': 18}, {'360082': 2, '360086': 3, 'GS_cluster_2415878664_254486231_359566_359576': 56}, 
27020.0, {'360082': 0.0, '360086': -0.15178572, 'GS_cluster_2415878664_254486231_359566_359576': -4.0}, {'360082': 0, '360086': 2, 'GS_cluster_2415878664_254486231_359566_359576': 18}, {'360082': 0, '360086': 3, 'GS_cluster_2415878664_254486231_359566_359576': 56}, 
27030.0, {'360082': 0.0, '360086': -0.07589286, 'GS_cluster_2415878664_254486231_359566_359576': -4.0}, {'360082': 0, '360086': 1, 'GS_cluster_2415878664_254486231_359566_359576': 18}, {'360082': 0, '360086': 1, 'GS_cluster_2415878664_254486231_359566_359576': 52}, 
27040.0, {'360082': 0.0, '360086': -0.12053572, 'GS_cluster_2415878664_254486231_359566_359576': -4.0}, {'360082': 0, '360086': 1, 'GS_cluster_2415878664_254486231_359566_359576': 18}, {'360082': 0, '360086': 1, 'GS_cluster_2415878664_254486231_359566_359576': 51}, 
27050.0, {'360082': 0.0, '360086': 0.0, 'GS_cluster_2415878664_254486231_359566_359576': -4.0}, {'360082': 0, '360086': 0, 'GS_cluster_2415878664_254486231_359566_359576': 18}, {'360082': 0, '360086': 0, 'GS_cluster_2415878664_254486231_359566_359576': 52}, 
27060.0, {'360082': 0.0, '360086': 0.0, 'GS_cluster_2415878664_254486231_359566_359576': -4.0}, {'360082': 0, '360086': 0, 'GS_cluster_2415878664_254486231_359566_359576': 18}, {'360082': 0, '360086': 0, 'GS_cluster_2415878664_254486231_359566_359576': 61}, 
27070.0, {'360082': 0.0, '360086': 0.0, 'GS_cluster_2415878664_254486231_359566_359576': -4.0}, {'360082': 0, '360086': 0, 'GS_cluster_2415878664_254486231_359566_359576': 18}, {'360082': 0, '360086': 0, 'GS_cluster_2415878664_254486231_359566_359576': 65}, 
27080.0, {'360082': 0.0, '360086': 0.0, 'GS_cluster_2415878664_254486231_359566_359576': -4.0}, {'360082': 0, '360086': 0, 'GS_cluster_2415878664_254486231_359566_359576': 18}, {'360082': 0, '360086': 0, 'GS_cluster_2415878664_254486231_359566_359576': 70}, 
27090.0, {'360082': 0.0, '360086': -0.004464286, 'GS_cluster_2415878664_254486231_359566_359576': -4.0}, {'360082': 0, '360086': 1, 'GS_cluster_2415878664_254486231_359566_359576': 18}, {'360082': 0, '360086': 1, 'GS_cluster_2415878664_254486231_359566_359576': 73}, 
27100.0, {'360082': -0.02232143, '360086': -0.07589286, 'GS_cluster_2415878664_254486231_359566_359576': -4.0}, {'360082': 1, '360086': 2, 'GS_cluster_2415878664_254486231_359566_359576': 18}, {'360082': 1, '360086': 3, 'GS_cluster_2415878664_254486231_359566_359576': 73}, 
27110.0, {'360082': -0.13392857, '360086': -0.16517857, 'GS_cluster_2415878664_254486231_359566_359576': -4.0}, {'360082': 2, '360086': 4, 'GS_cluster_2415878664_254486231_359566_359576': 18}, {'360082': 3, '360086': 5, 'GS_cluster_2415878664_254486231_359566_359576': 73}, 
27120.0, {'360082': -0.29017857, '360086': -0.084821425, 'GS_cluster_2415878664_254486231_359566_359576': -4.0}, {'360082': 3, '360086': 2, 'GS_cluster_2415878664_254486231_359566_359576': 18}, {'360082': 5, '360086': 3, 'GS_cluster_2415878664_254486231_359566_359576': 73}, 
27130.0, {'360082': -0.5223214, '360086': -0.1875, 'GS_cluster_2415878664_254486231_359566_359576': -4.0}, {'360082': 4, '360086': 3, 'GS_cluster_2415878664_254486231_359566_359576': 18}, {'360082': 7, '360086': 4, 'GS_cluster_2415878664_254486231_359566_359576': 70}, 
27140.0, {'360082': 0.0, '360086': -0.15178572, 'GS_cluster_2415878664_254486231_359566_359576': -4.0}, {'360082': 0, '360086': 1, 'GS_cluster_2415878664_254486231_359566_359576': 18}, {'360082': 0, '360086': 2, 'GS_cluster_2415878664_254486231_359566_359576': 70}, 
27150.0, {'360082': 0.0, '360086': -0.24107143, 'GS_cluster_2415878664_254486231_359566_359576': -4.0}, {'360082': 0, '360086': 1, 'GS_cluster_2415878664_254486231_359566_359576': 18}, {'360082': 0, '360086': 2, 'GS_cluster_2415878664_254486231_359566_359576': 70}, 
27160.0, {'360082': 0.0, '360086': -0.33035713, 'GS_cluster_2415878664_254486231_359566_359576': -4.0}, {'360082': 0, '360086': 1, 'GS_cluster_2415878664_254486231_359566_359576': 18}, {'360082': 0, '360086': 2, 'GS_cluster_2415878664_254486231_359566_359576': 74}, 
27170.0, {'360082': -0.02232143, '360086': -0.03125, 'GS_cluster_2415878664_254486231_359566_359576': -4.0}, {'360082': 1, '360086': 1, 'GS_cluster_2415878664_254486231_359566_359576': 18}, {'360082': 1, '360086': 1, 'GS_cluster_2415878664_254486231_359566_359576': 73}, 
27180.0, {'360082': -0.15178572, '360086': 0.0, 'GS_cluster_2415878664_254486231_359566_359576': -4.0}, {'360082': 3, '360086': 0, 'GS_cluster_2415878664_254486231_359566_359576': 18}, {'360082': 4, '360086': 0, 'GS_cluster_2415878664_254486231_359566_359576': 69}, 
27190.0, {'360082': -0.375, '360086': 0.0, 'GS_cluster_2415878664_254486231_359566_359576': -4.0}, {'360082': 4, '360086': 0, 'GS_cluster_2415878664_254486231_359566_359576': 18}, {'360082': 6, '360086': 0, 'GS_cluster_2415878664_254486231_359566_359576': 68}, 
27200.0, {'360082': -0.66964287, '360086': 0.0, 'GS_cluster_2415878664_254486231_359566_359576': -4.0}, {'360082': 4, '360086': 0, 'GS_cluster_2415878664_254486231_359566_359576': 18}, {'360082': 7, '360086': 0, 'GS_cluster_2415878664_254486231_359566_359576': 68}, 
27210.0, {'360082': -0.12053572, '360086': 0.0, 'GS_cluster_2415878664_254486231_359566_359576': -4.0}, {'360082': 1, '360086': 0, 'GS_cluster_2415878664_254486231_359566_359576': 18}, {'360082': 2, '360086': 0, 'GS_cluster_2415878664_254486231_359566_359576': 68}, 
27220.0, {'360082': -0.08035714, '360086': 0.0, 'GS_cluster_2415878664_254486231_359566_359576': -4.0}, {'360082': 2, '360086': 0, 'GS_cluster_2415878664_254486231_359566_359576': 18}, {'360082': 2, '360086': 0, 'GS_cluster_2415878664_254486231_359566_359576': 67}, 
27230.0, {'360082': -0.008928572, '360086': 0.0, 'GS_cluster_2415878664_254486231_359566_359576': -4.0}, {'360082': 1, '360086': 0, 'GS_cluster_2415878664_254486231_359566_359576': 18}, {'360082': 1, '360086': 0, 'GS_cluster_2415878664_254486231_359566_359576': 71}, 
27240.0, {'360082': 0.0, '360086': 0.0, 'GS_cluster_2415878664_254486231_359566_359576': -4.0}, {'360082': 0, '360086': 0, 'GS_cluster_2415878664_254486231_359566_359576': 18}, {'360082': 0, '360086': 0, 'GS_cluster_2415878664_254486231_359566_359576': 70}, 
27250.0, {'360082': 0.0, '360086': 0.0, 'GS_cluster_2415878664_254486231_359566_359576': -4.0}, {'360082': 0, '360086': 0, 'GS_cluster_2415878664_254486231_359566_359576': 18}, {'360082': 0, '360086': 0, 'GS_cluster_2415878664_254486231_359566_359576': 70}, 
27260.0, {'360082': 0.0, '360086': -0.04017857, 'GS_cluster_2415878664_254486231_359566_359576': -4.0}, {'360082': 0, '360086': 1, 'GS_cluster_2415878664_254486231_359566_359576': 18}, {'360082': 0, '360086': 1, 'GS_cluster_2415878664_254486231_359566_359576': 70}, 
27270.0, {'360082': -0.035714287, '360086': 0.0, 'GS_cluster_2415878664_254486231_359566_359576': -4.0}, {'360082': 1, '360086': 0, 'GS_cluster_2415878664_254486231_359566_359576': 18}, {'360082': 2, '360086': 0, 'GS_cluster_2415878664_254486231_359566_359576': 72}, 
27280.0, {'360082': 0.0, '360086': 0.0, 'GS_cluster_2415878664_254486231_359566_359576': -4.0}, {'360082': 0, '360086': 0, 'GS_cluster_2415878664_254486231_359566_359576': 18}, {'360082': 0, '360086': 0, 'GS_cluster_2415878664_254486231_359566_359576': 72}, 
27290.0, {'360082': 0.0, '360086': 0.0, 'GS_cluster_2415878664_254486231_359566_359576': -4.0}, {'360082': 0, '360086': 0, 'GS_cluster_2415878664_254486231_359566_359576': 18}, {'360082': 0, '360086': 0, 'GS_cluster_2415878664_254486231_359566_359576': 72}, 
27300.0, {'360082': 0.0, '360086': 0.0, 'GS_cluster_2415878664_254486231_359566_359576': -4.0}, {'360082': 0, '360086': 0, 'GS_cluster_2415878664_254486231_359566_359576': 18}, {'360082': 0, '360086': 0, 'GS_cluster_2415878664_254486231_359566_359576': 74}, 
27310.0, {'360082': 0.0, '360086': 0.0, 'GS_cluster_2415878664_254486231_359566_359576': -4.0}, {'360082': 0, '360086': 0, 'GS_cluster_2415878664_254486231_359566_359576': 18}, {'360082': 0, '360086': 0, 'GS_cluster_2415878664_254486231_359566_359576': 71}, 
27320.0, {'360082': 0.0, '360086': 0.0, 'GS_cluster_2415878664_254486231_359566_359576': -4.0}, {'360082': 0, '360086': 0, 'GS_cluster_2415878664_254486231_359566_359576': 18}, {'360082': 0, '360086': 0, 'GS_cluster_2415878664_254486231_359566_359576': 71}, 
27330.0, {'360082': 0.0, '360086': -0.004464286, 'GS_cluster_2415878664_254486231_359566_359576': -4.0}, {'360082': 0, '360086': 1, 'GS_cluster_2415878664_254486231_359566_359576': 18}, {'360082': 0, '360086': 1, 'GS_cluster_2415878664_254486231_359566_359576': 71}, 
27340.0, {'360082': 0.0, '360086': -0.06696428, 'GS_cluster_2415878664_254486231_359566_359576': -4.0}, {'360082': 0, '360086': 3, 'GS_cluster_2415878664_254486231_359566_359576': 18}, {'360082': 0, '360086': 3, 'GS_cluster_2415878664_254486231_359566_359576': 71}, 
27350.0, {'360082': 0.0, '360086': -0.09375, 'GS_cluster_2415878664_254486231_359566_359576': -4.0}, {'360082': 0, '360086': 1, 'GS_cluster_2415878664_254486231_359566_359576': 18}, {'360082': 0, '360086': 1, 'GS_cluster_2415878664_254486231_359566_359576': 71}, 
27360.0, {'360082': -0.013392857, '360086': -0.17410715, 'GS_cluster_2415878664_254486231_359566_359576': -4.0}, {'360082': 1, '360086': 3, 'GS_cluster_2415878664_254486231_359566_359576': 18}, {'360082': 1, '360086': 3, 'GS_cluster_2415878664_254486231_359566_359576': 69}, 
27370.0, {'360082': -0.058035713, '360086': -0.16964285, 'GS_cluster_2415878664_254486231_359566_359576': -4.0}, {'360082': 1, '360086': 3, 'GS_cluster_2415878664_254486231_359566_359576': 18}, {'360082': 1, '360086': 3, 'GS_cluster_2415878664_254486231_359566_359576': 67}, 
27380.0, {'360082': 0.0, '360086': 0.0, 'GS_cluster_2415878664_254486231_359566_359576': -4.0}, {'360082': 0, '360086': 0, 'GS_cluster_2415878664_254486231_359566_359576': 18}, {'360082': 0, '360086': 0, 'GS_cluster_2415878664_254486231_359566_359576': 68}, 
27390.0, {'360082': 0.0, '360086': -0.004464286, 'GS_cluster_2415878664_254486231_359566_359576': -4.0}, {'360082': 0, '360086': 1, 'GS_cluster_2415878664_254486231_359566_359576': 18}, {'360082': 0, '360086': 1, 'GS_cluster_2415878664_254486231_359566_359576': 66}, 
27400.0, {'360082': 0.0, '360086': -0.026785715, 'GS_cluster_2415878664_254486231_359566_359576': -4.0}, {'360082': 0, '360086': 1, 'GS_cluster_2415878664_254486231_359566_359576': 18}, {'360082': 0, '360086': 1, 'GS_cluster_2415878664_254486231_359566_359576': 64}, 
27410.0, {'360082': 0.0, '360086': 0.0, 'GS_cluster_2415878664_254486231_359566_359576': -4.0}, {'360082': 0, '360086': 0, 'GS_cluster_2415878664_254486231_359566_359576': 18}, {'360082': 0, '360086': 0, 'GS_cluster_2415878664_254486231_359566_359576': 64}, 
27420.0, {'360082': -0.035714287, '360086': 0.0, 'GS_cluster_2415878664_254486231_359566_359576': -4.0}, {'360082': 2, '360086': 0, 'GS_cluster_2415878664_254486231_359566_359576': 18}, {'360082': 2, '360086': 0, 'GS_cluster_2415878664_254486231_359566_359576': 66}, 
27430.0, {'360082': -0.14285715, '360086': 0.0, 'GS_cluster_2415878664_254486231_359566_359576': -4.0}, {'360082': 4, '360086': 0, 'GS_cluster_2415878664_254486231_359566_359576': 18}, {'360082': 4, '360086': 0, 'GS_cluster_2415878664_254486231_359566_359576': 73}, 
27440.0, {'360082': -0.08928572, '360086': 0.0, 'GS_cluster_2415878664_254486231_359566_359576': -4.0}, {'360082': 3, '360086': 0, 'GS_cluster_2415878664_254486231_359566_359576': 18}, {'360082': 4, '360086': 0, 'GS_cluster_2415878664_254486231_359566_359576': 71}, 
27450.0, {'360082': -0.2544643, '360086': -0.026785715, 'GS_cluster_2415878664_254486231_359566_359576': -4.0}, {'360082': 6, '360086': 1, 'GS_cluster_2415878664_254486231_359566_359576': 18}, {'360082': 6, '360086': 1, 'GS_cluster_2415878664_254486231_359566_359576': 70}, 
27460.0, {'360082': -0.49107143, '360086': -0.11160714, 'GS_cluster_2415878664_254486231_359566_359576': -4.0}, {'360082': 9, '360086': 1, 'GS_cluster_2415878664_254486231_359566_359576': 18}, {'360082': 10, '360086': 2, 'GS_cluster_2415878664_254486231_359566_359576': 69}, 
27470.0, {'360082': -0.86160713, '360086': -0.20089285, 'GS_cluster_2415878664_254486231_359566_359576': -4.0}, {'360082': 9, '360086': 1, 'GS_cluster_2415878664_254486231_359566_359576': 18}, {'360082': 9, '360086': 2, 'GS_cluster_2415878664_254486231_359566_359576': 66}, 
27480.0, {'360082': -0.8348214, '360086': -0.29017857, 'GS_cluster_2415878664_254486231_359566_359576': -4.0}, {'360082': 7, '360086': 1, 'GS_cluster_2415878664_254486231_359566_359576': 18}, {'360082': 8, '360086': 2, 'GS_cluster_2415878664_254486231_359566_359576': 65}, 
27490.0, {'360082': -0.26339287, '360086': -0.3794643, 'GS_cluster_2415878664_254486231_359566_359576': -4.0}, {'360082': 2, '360086': 1, 'GS_cluster_2415878664_254486231_359566_359576': 18}, {'360082': 5, '360086': 2, 'GS_cluster_2415878664_254486231_359566_359576': 65}, 
27500.0, {'360082': -0.29910713, '360086': -0.50446427, 'GS_cluster_2415878664_254486231_359566_359576': -4.0}, {'360082': 2, '360086': 1, 'GS_cluster_2415878664_254486231_359566_359576': 18}, {'360082': 3, '360086': 3, 'GS_cluster_2415878664_254486231_359566_359576': 64}, 
27510.0, {'360082': -0.20089285, '360086': -0.63839287, 'GS_cluster_2415878664_254486231_359566_359576': -4.0}, {'360082': 2, '360086': 1, 'GS_cluster_2415878664_254486231_359566_359576': 18}, {'360082': 2, '360086': 3, 'GS_cluster_2415878664_254486231_359566_359576': 65}, 
27520.0, {'360082': 0.0, '360086': -0.017857144, 'GS_cluster_2415878664_254486231_359566_359576': -4.0}, {'360082': 0, '360086': 1, 'GS_cluster_2415878664_254486231_359566_359576': 18}, {'360082': 0, '360086': 1, 'GS_cluster_2415878664_254486231_359566_359576': 68}, 
27530.0, {'360082': 0.0, '360086': 0.0, 'GS_cluster_2415878664_254486231_359566_359576': -4.0}, {'360082': 0, '360086': 0, 'GS_cluster_2415878664_254486231_359566_359576': 18}, {'360082': 0, '360086': 0, 'GS_cluster_2415878664_254486231_359566_359576': 72}, 
27540.0, {'360082': 0.0, '360086': 0.0, 'GS_cluster_2415878664_254486231_359566_359576': -4.0}, {'360082': 0, '360086': 0, 'GS_cluster_2415878664_254486231_359566_359576': 18}, {'360082': 0, '360086': 0, 'GS_cluster_2415878664_254486231_359566_359576': 71}, 
27550.0, {'360082': 0.0, '360086': 0.0, 'GS_cluster_2415878664_254486231_359566_359576': -4.0}, {'360082': 0, '360086': 0, 'GS_cluster_2415878664_254486231_359566_359576': 18}, {'360082': 0, '360086': 0, 'GS_cluster_2415878664_254486231_359566_359576': 71}, 
27560.0, {'360082': 0.0, '360086': -0.008928572, 'GS_cluster_2415878664_254486231_359566_359576': -4.0}, {'360082': 0, '360086': 1, 'GS_cluster_2415878664_254486231_359566_359576': 18}, {'360082': 0, '360086': 1, 'GS_cluster_2415878664_254486231_359566_359576': 68}, 
27570.0, {'360082': 0.0, '360086': 0.0, 'GS_cluster_2415878664_254486231_359566_359576': -4.0}, {'360082': 0, '360086': 0, 'GS_cluster_2415878664_254486231_359566_359576': 18}, {'360082': 0, '360086': 0, 'GS_cluster_2415878664_254486231_359566_359576': 65}, 
27580.0, {'360082': 0.0, '360086': 0.0, 'GS_cluster_2415878664_254486231_359566_359576': -4.0}, {'360082': 0, '360086': 0, 'GS_cluster_2415878664_254486231_359566_359576': 18}, {'360082': 0, '360086': 0, 'GS_cluster_2415878664_254486231_359566_359576': 66}, 
27590.0, {'360082': 0.0, '360086': 0.0, 'GS_cluster_2415878664_254486231_359566_359576': -4.0}, {'360082': 0, '360086': 0, 'GS_cluster_2415878664_254486231_359566_359576': 18}, {'360082': 0, '360086': 0, 'GS_cluster_2415878664_254486231_359566_359576': 67}, 
27600.0, {'360082': 0.0, '360086': 0.0, 'GS_cluster_2415878664_254486231_359566_359576': -4.0}, {'360082': 0, '360086': 0, 'GS_cluster_2415878664_254486231_359566_359576': 18}, {'360082': 0, '360086': 0, 'GS_cluster_2415878664_254486231_359566_359576': 73}, 
27610.0, {'360082': 0.0, '360086': 0.0, 'GS_cluster_2415878664_254486231_359566_359576': -4.0}, {'360082': 0, '360086': 0, 'GS_cluster_2415878664_254486231_359566_359576': 18}, {'360082': 0, '360086': 0, 'GS_cluster_2415878664_254486231_359566_359576': 73}, 
27620.0, {'360082': 0.0, '360086': -0.008928572, 'GS_cluster_2415878664_254486231_359566_359576': -4.0}, {'360082': 0, '360086': 1, 'GS_cluster_2415878664_254486231_359566_359576': 18}, {'360082': 0, '360086': 1, 'GS_cluster_2415878664_254486231_359566_359576': 73}, 
27630.0, {'360082': 0.0, '360086': 0.0, 'GS_cluster_2415878664_254486231_359566_359576': -4.0}, {'360082': 0, '360086': 0, 'GS_cluster_2415878664_254486231_359566_359576': 18}, {'360082': 0, '360086': 0, 'GS_cluster_2415878664_254486231_359566_359576': 73}, 
27640.0, {'360082': 0.0, '360086': -0.04017857, 'GS_cluster_2415878664_254486231_359566_359576': -4.0}, {'360082': 0, '360086': 2, 'GS_cluster_2415878664_254486231_359566_359576': 18}, {'360082': 0, '360086': 2, 'GS_cluster_2415878664_254486231_359566_359576': 73}, 
27650.0, {'360082': 0.0, '360086': -0.12946428, 'GS_cluster_2415878664_254486231_359566_359576': -4.0}, {'360082': 0, '360086': 2, 'GS_cluster_2415878664_254486231_359566_359576': 18}, {'360082': 0, '360086': 2, 'GS_cluster_2415878664_254486231_359566_359576': 73}, 
27660.0, {'360082': 0.0, '360086': -0.102678575, 'GS_cluster_2415878664_254486231_359566_359576': -4.0}, {'360082': 0, '360086': 1, 'GS_cluster_2415878664_254486231_359566_359576': 18}, {'360082': 0, '360086': 1, 'GS_cluster_2415878664_254486231_359566_359576': 73}, 
27670.0, {'360082': 0.0, '360086': 0.0, 'GS_cluster_2415878664_254486231_359566_359576': -4.0}, {'360082': 0, '360086': 0, 'GS_cluster_2415878664_254486231_359566_359576': 18}, {'360082': 0, '360086': 0, 'GS_cluster_2415878664_254486231_359566_359576': 73}, 
27680.0, {'360082': 0.0, '360086': 0.0, 'GS_cluster_2415878664_254486231_359566_359576': -4.0}, {'360082': 0, '360086': 0, 'GS_cluster_2415878664_254486231_359566_359576': 18}, {'360082': 0, '360086': 0, 'GS_cluster_2415878664_254486231_359566_359576': 73}, 
27690.0, {'360082': 0.0, '360086': 0.0, 'GS_cluster_2415878664_254486231_359566_359576': -4.0}, {'360082': 0, '360086': 0, 'GS_cluster_2415878664_254486231_359566_359576': 18}, {'360082': 0, '360086': 0, 'GS_cluster_2415878664_254486231_359566_359576': 73}, 
27700.0, {'360082': 0.0, '360086': 0.0, 'GS_cluster_2415878664_254486231_359566_359576': -4.0}, {'360082': 0, '360086': 0, 'GS_cluster_2415878664_254486231_359566_359576': 18}, {'360082': 0, '360086': 0, 'GS_cluster_2415878664_254486231_359566_359576': 73}, 
27710.0, {'360082': 0.0, '360086': 0.0, 'GS_cluster_2415878664_254486231_359566_359576': -4.0}, {'360082': 0, '360086': 0, 'GS_cluster_2415878664_254486231_359566_359576': 18}, {'360082': 0, '360086': 0, 'GS_cluster_2415878664_254486231_359566_359576': 73}, 
27720.0, {'360082': 0.0, '360086': 0.0, 'GS_cluster_2415878664_254486231_359566_359576': -4.0}, {'360082': 0, '360086': 0, 'GS_cluster_2415878664_254486231_359566_359576': 18}, {'360082': 0, '360086': 0, 'GS_cluster_2415878664_254486231_359566_359576': 73}, 
27730.0, {'360082': 0.0, '360086': 0.0, 'GS_cluster_2415878664_254486231_359566_359576': -4.0}, {'360082': 0, '360086': 0, 'GS_cluster_2415878664_254486231_359566_359576': 18}, {'360082': 0, '360086': 0, 'GS_cluster_2415878664_254486231_359566_359576': 73}, 
27740.0, {'360082': 0.0, '360086': 0.0, 'GS_cluster_2415878664_254486231_359566_359576': -4.0}, {'360082': 0, '360086': 0, 'GS_cluster_2415878664_254486231_359566_359576': 18}, {'360082': 0, '360086': 0, 'GS_cluster_2415878664_254486231_359566_359576': 73}, 
27750.0, {'360082': 0.0, '360086': -0.04464286, 'GS_cluster_2415878664_254486231_359566_359576': -4.0}, {'360082': 0, '360086': 2, 'GS_cluster_2415878664_254486231_359566_359576': 18}, {'360082': 0, '360086': 2, 'GS_cluster_2415878664_254486231_359566_359576': 73}, 
27760.0, {'360082': 0.0, '360086': 0.0, 'GS_cluster_2415878664_254486231_359566_359576': -4.0}, {'360082': 0, '360086': 0, 'GS_cluster_2415878664_254486231_359566_359576': 18}, {'360082': 0, '360086': 0, 'GS_cluster_2415878664_254486231_359566_359576': 73}, 
27770.0, {'360082': 0.0, '360086': 0.0, 'GS_cluster_2415878664_254486231_359566_359576': -4.0}, {'360082': 0, '360086': 0, 'GS_cluster_2415878664_254486231_359566_359576': 18}, {'360082': 0, '360086': 0, 'GS_cluster_2415878664_254486231_359566_359576': 73}, 
27780.0, {'360082': 0.0, '360086': 0.0, 'GS_cluster_2415878664_254486231_359566_359576': -4.0}, {'360082': 0, '360086': 0, 'GS_cluster_2415878664_254486231_359566_359576': 18}, {'360082': 0, '360086': 0, 'GS_cluster_2415878664_254486231_359566_359576': 73}, 
27790.0, {'360082': 0.0, '360086': 0.0, 'GS_cluster_2415878664_254486231_359566_359576': -4.0}, {'360082': 0, '360086': 0, 'GS_cluster_2415878664_254486231_359566_359576': 18}, {'360082': 0, '360086': 0, 'GS_cluster_2415878664_254486231_359566_359576': 73}, 
27800.0, {'360082': 0.0, '360086': 0.0, 'GS_cluster_2415878664_254486231_359566_359576': -4.0}, {'360082': 0, '360086': 0, 'GS_cluster_2415878664_254486231_359566_359576': 18}, {'360082': 0, '360086': 0, 'GS_cluster_2415878664_254486231_359566_359576': 73}, 
27810.0, {'360082': 0.0, '360086': 0.0, 'GS_cluster_2415878664_254486231_359566_359576': -4.0}, {'360082': 0, '360086': 0, 'GS_cluster_2415878664_254486231_359566_359576': 18}, {'360082': 0, '360086': 0, 'GS_cluster_2415878664_254486231_359566_359576': 73}, 
27820.0, {'360082': 0.0, '360086': 0.0, 'GS_cluster_2415878664_254486231_359566_359576': -4.0}, {'360082': 0, '360086': 0, 'GS_cluster_2415878664_254486231_359566_359576': 18}, {'360082': 0, '360086': 0, 'GS_cluster_2415878664_254486231_359566_359576': 73}, 
27830.0, {'360082': 0.0, '360086': -0.017857144, 'GS_cluster_2415878664_254486231_359566_359576': -4.0}, {'360082': 0, '360086': 1, 'GS_cluster_2415878664_254486231_359566_359576': 18}, {'360082': 0, '360086': 1, 'GS_cluster_2415878664_254486231_359566_359576': 73}, 
27840.0, {'360082': 0.0, '360086': -0.0625, 'GS_cluster_2415878664_254486231_359566_359576': -4.0}, {'360082': 0, '360086': 1, 'GS_cluster_2415878664_254486231_359566_359576': 18}, {'360082': 0, '360086': 1, 'GS_cluster_2415878664_254486231_359566_359576': 73}, 
27850.0, {'360082': 0.0, '360086': 0.0, 'GS_cluster_2415878664_254486231_359566_359576': -4.0}, {'360082': 0, '360086': 0, 'GS_cluster_2415878664_254486231_359566_359576': 18}, {'360082': 0, '360086': 0, 'GS_cluster_2415878664_254486231_359566_359576': 73}, 
27860.0, {'360082': 0.0, '360086': 0.0, 'GS_cluster_2415878664_254486231_359566_359576': -4.0}, {'360082': 0, '360086': 0, 'GS_cluster_2415878664_254486231_359566_359576': 18}, {'360082': 0, '360086': 0, 'GS_cluster_2415878664_254486231_359566_359576': 73}, 
27870.0, {'360082': 0.0, '360086': 0.0, 'GS_cluster_2415878664_254486231_359566_359576': -4.0}, {'360082': 0, '360086': 0, 'GS_cluster_2415878664_254486231_359566_359576': 18}, {'360082': 0, '360086': 0, 'GS_cluster_2415878664_254486231_359566_359576': 73}, 
27880.0, {'360082': 0.0, '360086': 0.0, 'GS_cluster_2415878664_254486231_359566_359576': -4.0}, {'360082': 0, '360086': 0, 'GS_cluster_2415878664_254486231_359566_359576': 18}, {'360082': 0, '360086': 0, 'GS_cluster_2415878664_254486231_359566_359576': 73}, 
27890.0, {'360082': 0.0, '360086': 0.0, 'GS_cluster_2415878664_254486231_359566_359576': -4.0}, {'360082': 0, '360086': 0, 'GS_cluster_2415878664_254486231_359566_359576': 18}, {'360082': 0, '360086': 0, 'GS_cluster_2415878664_254486231_359566_359576': 73}, 
27900.0, {'360082': 0.0, '360086': -0.02232143, 'GS_cluster_2415878664_254486231_359566_359576': -4.0}, {'360082': 0, '360086': 1, 'GS_cluster_2415878664_254486231_359566_359576': 18}, {'360082': 0, '360086': 1, 'GS_cluster_2415878664_254486231_359566_359576': 73}, 
27910.0, {'360082': -0.035714287, '360086': 0.0, 'GS_cluster_2415878664_254486231_359566_359576': -4.0}, {'360082': 1, '360086': 0, 'GS_cluster_2415878664_254486231_359566_359576': 18}, {'360082': 1, '360086': 0, 'GS_cluster_2415878664_254486231_359566_359576': 73}, 
27920.0, {'360082': 0.0, '360086': 0.0, 'GS_cluster_2415878664_254486231_359566_359576': -4.0}, {'360082': 0, '360086': 0, 'GS_cluster_2415878664_254486231_359566_359576': 18}, {'360082': 0, '360086': 0, 'GS_cluster_2415878664_254486231_359566_359576': 73}, 
27930.0, {'360082': 0.0, '360086': 0.0, 'GS_cluster_2415878664_254486231_359566_359576': -4.0}, {'360082': 0, '360086': 0, 'GS_cluster_2415878664_254486231_359566_359576': 18}, {'360082': 0, '360086': 0, 'GS_cluster_2415878664_254486231_359566_359576': 73}, 
27940.0, {'360082': -0.04464286, '360086': 0.0, 'GS_cluster_2415878664_254486231_359566_359576': -4.0}, {'360082': 1, '360086': 0, 'GS_cluster_2415878664_254486231_359566_359576': 18}, {'360082': 1, '360086': 0, 'GS_cluster_2415878664_254486231_359566_359576': 73}, 
27950.0, {'360082': -0.08928572, '360086': 0.0, 'GS_cluster_2415878664_254486231_359566_359576': -4.0}, {'360082': 1, '360086': 0, 'GS_cluster_2415878664_254486231_359566_359576': 18}, {'360082': 1, '360086': 0, 'GS_cluster_2415878664_254486231_359566_359576': 73}, 
27960.0, {'360082': 0.0, '360086': 0.0, 'GS_cluster_2415878664_254486231_359566_359576': -4.0}, {'360082': 0, '360086': 0, 'GS_cluster_2415878664_254486231_359566_359576': 18}, {'360082': 0, '360086': 0, 'GS_cluster_2415878664_254486231_359566_359576': 73}, 
27970.0, {'360082': 0.0, '360086': 0.0, 'GS_cluster_2415878664_254486231_359566_359576': -4.0}, {'360082': 0, '360086': 0, 'GS_cluster_2415878664_254486231_359566_359576': 18}, {'360082': 0, '360086': 0, 'GS_cluster_2415878664_254486231_359566_359576': 73}, 
27980.0, {'360082': 0.0, '360086': 0.0, 'GS_cluster_2415878664_254486231_359566_359576': -4.0}, {'360082': 0, '360086': 0, 'GS_cluster_2415878664_254486231_359566_359576': 18}, {'360082': 0, '360086': 0, 'GS_cluster_2415878664_254486231_359566_359576': 73}, 
27990.0, {'360082': 0.0, '360086': -0.035714287, 'GS_cluster_2415878664_254486231_359566_359576': -4.0}, {'360082': 0, '360086': 2, 'GS_cluster_2415878664_254486231_359566_359576': 18}, {'360082': 0, '360086': 2, 'GS_cluster_2415878664_254486231_359566_359576': 73}, 
28000.0, {'360082': 0.0, '360086': -0.04910714, 'GS_cluster_2415878664_254486231_359566_359576': -4.0}, {'360082': 0, '360086': 1, 'GS_cluster_2415878664_254486231_359566_359576': 18}, {'360082': 0, '360086': 1, 'GS_cluster_2415878664_254486231_359566_359576': 73}, 
28010.0, {'360082': 0.0, '360086': -0.09375, 'GS_cluster_2415878664_254486231_359566_359576': -4.0}, {'360082': 0, '360086': 1, 'GS_cluster_2415878664_254486231_359566_359576': 18}, {'360082': 0, '360086': 1, 'GS_cluster_2415878664_254486231_359566_359576': 73}, 
28020.0, {'360082': 0.0, '360086': 0.0, 'GS_cluster_2415878664_254486231_359566_359576': -4.0}, {'360082': 0, '360086': 0, 'GS_cluster_2415878664_254486231_359566_359576': 18}, {'360082': 0, '360086': 0, 'GS_cluster_2415878664_254486231_359566_359576': 73}, 
28030.0, {'360082': -0.02232143, '360086': 0.0, 'GS_cluster_2415878664_254486231_359566_359576': -4.0}, {'360082': 1, '360086': 0, 'GS_cluster_2415878664_254486231_359566_359576': 18}, {'360082': 1, '360086': 0, 'GS_cluster_2415878664_254486231_359566_359576': 73}, 
28040.0, {'360082': -0.10714286, '360086': 0.0, 'GS_cluster_2415878664_254486231_359566_359576': -4.0}, {'360082': 1, '360086': 0, 'GS_cluster_2415878664_254486231_359566_359576': 18}, {'360082': 2, '360086': 0, 'GS_cluster_2415878664_254486231_359566_359576': 73}, 
28050.0, {'360082': -0.19642857, '360086': -0.008928572, 'GS_cluster_2415878664_254486231_359566_359576': -4.0}, {'360082': 1, '360086': 1, 'GS_cluster_2415878664_254486231_359566_359576': 18}, {'360082': 2, '360086': 1, 'GS_cluster_2415878664_254486231_359566_359576': 73}, 
28060.0, {'360082': 0.0, '360086': -0.03125, 'GS_cluster_2415878664_254486231_359566_359576': -4.0}, {'360082': 0, '360086': 1, 'GS_cluster_2415878664_254486231_359566_359576': 18}, {'360082': 0, '360086': 1, 'GS_cluster_2415878664_254486231_359566_359576': 73}, 
28070.0, {'360082': 0.0, '360086': 0.0, 'GS_cluster_2415878664_254486231_359566_359576': -4.0}, {'360082': 0, '360086': 0, 'GS_cluster_2415878664_254486231_359566_359576': 18}, {'360082': 0, '360086': 0, 'GS_cluster_2415878664_254486231_359566_359576': 73}, 
28080.0, {'360082': 0.0, '360086': -0.013392857, 'GS_cluster_2415878664_254486231_359566_359576': -4.0}, {'360082': 0, '360086': 1, 'GS_cluster_2415878664_254486231_359566_359576': 18}, {'360082': 0, '360086': 1, 'GS_cluster_2415878664_254486231_359566_359576': 73}, 
28090.0, {'360082': -0.004464286, '360086': -0.071428575, 'GS_cluster_2415878664_254486231_359566_359576': -4.0}, {'360082': 1, '360086': 2, 'GS_cluster_2415878664_254486231_359566_359576': 18}, {'360082': 1, '360086': 2, 'GS_cluster_2415878664_254486231_359566_359576': 73}, 
28100.0, {'360082': -0.15178572, '360086': -0.16964285, 'GS_cluster_2415878664_254486231_359566_359576': -4.0}, {'360082': 3, '360086': 3, 'GS_cluster_2415878664_254486231_359566_359576': 18}, {'360082': 4, '360086': 3, 'GS_cluster_2415878664_254486231_359566_359576': 73}, 
28110.0, {'360082': -0.42857143, '360086': -0.30357143, 'GS_cluster_2415878664_254486231_359566_359576': -4.0}, {'360082': 3, '360086': 3, 'GS_cluster_2415878664_254486231_359566_359576': 18}, {'360082': 7, '360086': 3, 'GS_cluster_2415878664_254486231_359566_359576': 73}, 
28120.0, {'360082': -0.32142857, '360086': -0.4375, 'GS_cluster_2415878664_254486231_359566_359576': -4.0}, {'360082': 3, '360086': 3, 'GS_cluster_2415878664_254486231_359566_359576': 18}, {'360082': 5, '360086': 3, 'GS_cluster_2415878664_254486231_359566_359576': 73}, 
28130.0, {'360082': -0.62946427, '360086': 0.0, 'GS_cluster_2415878664_254486231_359566_359576': -4.0}, {'360082': 4, '360086': 0, 'GS_cluster_2415878664_254486231_359566_359576': 18}, {'360082': 7, '360086': 0, 'GS_cluster_2415878664_254486231_359566_359576': 73}, 
28140.0, {'360082': -0.084821425, '360086': 0.0, 'GS_cluster_2415878664_254486231_359566_359576': -4.0}, {'360082': 1, '360086': 0, 'GS_cluster_2415878664_254486231_359566_359576': 18}, {'360082': 1, '360086': 0, 'GS_cluster_2415878664_254486231_359566_359576': 73}, 
28150.0, {'360082': 0.0, '360086': 0.0, 'GS_cluster_2415878664_254486231_359566_359576': -4.0}, {'360082': 0, '360086': 0, 'GS_cluster_2415878664_254486231_359566_359576': 18}, {'360082': 0, '360086': 0, 'GS_cluster_2415878664_254486231_359566_359576': 73}, 
28160.0, {'360082': -0.017857144, '360086': 0.0, 'GS_cluster_2415878664_254486231_359566_359576': -4.0}, {'360082': 1, '360086': 0, 'GS_cluster_2415878664_254486231_359566_359576': 18}, {'360082': 1, '360086': 0, 'GS_cluster_2415878664_254486231_359566_359576': 73}, 
28170.0, {'360082': 0.0, '360086': -0.017857144, 'GS_cluster_2415878664_254486231_359566_359576': -4.0}, {'360082': 0, '360086': 1, 'GS_cluster_2415878664_254486231_359566_359576': 18}, {'360082': 0, '360086': 1, 'GS_cluster_2415878664_254486231_359566_359576': 73}, 
28180.0, {'360082': -0.004464286, '360086': -0.10714286, 'GS_cluster_2415878664_254486231_359566_359576': -4.0}, {'360082': 1, '360086': 3, 'GS_cluster_2415878664_254486231_359566_359576': 18}, {'360082': 1, '360086': 4, 'GS_cluster_2415878664_254486231_359566_359576': 73}, 
28190.0, {'360082': -0.04910714, '360086': -0.16071428, 'GS_cluster_2415878664_254486231_359566_359576': -4.0}, {'360082': 3, '360086': 5, 'GS_cluster_2415878664_254486231_359566_359576': 18}, {'360082': 3, '360086': 5, 'GS_cluster_2415878664_254486231_359566_359576': 73}, 
28200.0, {'360082': -0.15178572, '360086': -0.41517857, 'GS_cluster_2415878664_254486231_359566_359576': -4.0}, {'360082': 2, '360086': 6, 'GS_cluster_2415878664_254486231_359566_359576': 18}, {'360082': 3, '360086': 6, 'GS_cluster_2415878664_254486231_359566_359576': 73}, 
28210.0, {'360082': -0.20535715, '360086': -0.71428573, 'GS_cluster_2415878664_254486231_359566_359576': -4.0}, {'360082': 2, '360086': 6, 'GS_cluster_2415878664_254486231_359566_359576': 18}, {'360082': 2, '360086': 7, 'GS_cluster_2415878664_254486231_359566_359576': 73}, 
28220.0, {'360082': -0.21875, '360086': -1.0267857, 'GS_cluster_2415878664_254486231_359566_359576': -4.0}, {'360082': 2, '360086': 6, 'GS_cluster_2415878664_254486231_359566_359576': 18}, {'360082': 5, '360086': 7, 'GS_cluster_2415878664_254486231_359566_359576': 73}, 
28230.0, {'360082': -0.26339287, '360086': -1.3392857, 'GS_cluster_2415878664_254486231_359566_359576': -4.0}, {'360082': 2, '360086': 6, 'GS_cluster_2415878664_254486231_359566_359576': 18}, {'360082': 2, '360086': 7, 'GS_cluster_2415878664_254486231_359566_359576': 73}, 
28240.0, {'360082': -0.17410715, '360086': -1.6741072, 'GS_cluster_2415878664_254486231_359566_359576': -4.0}, {'360082': 1, '360086': 6, 'GS_cluster_2415878664_254486231_359566_359576': 18}, {'360082': 3, '360086': 8, 'GS_cluster_2415878664_254486231_359566_359576': 73}, 
28250.0, {'360082': -0.16517857, '360086': -2.0580356, 'GS_cluster_2415878664_254486231_359566_359576': -4.0}, {'360082': 1, '360086': 6, 'GS_cluster_2415878664_254486231_359566_359576': 18}, {'360082': 1, '360086': 9, 'GS_cluster_2415878664_254486231_359566_359576': 73}, 
28260.0, {'360082': -0.04017857, '360086': -2.455357, 'GS_cluster_2415878664_254486231_359566_359576': -4.0}, {'360082': 2, '360086': 6, 'GS_cluster_2415878664_254486231_359566_359576': 18}, {'360082': 2, '360086': 10, 'GS_cluster_2415878664_254486231_359566_359576': 73}, 
28270.0, {'360082': 0.0, '360086': -2.9642856, 'GS_cluster_2415878664_254486231_359566_359576': -4.0}, {'360082': 0, '360086': 7, 'GS_cluster_2415878664_254486231_359566_359576': 18}, {'360082': 0, '360086': 13, 'GS_cluster_2415878664_254486231_359566_359576': 73}, 
28280.0, {'360082': -0.03125, '360086': -3.544643, 'GS_cluster_2415878664_254486231_359566_359576': -4.0}, {'360082': 1, '360086': 7, 'GS_cluster_2415878664_254486231_359566_359576': 18}, {'360082': 1, '360086': 13, 'GS_cluster_2415878664_254486231_359566_359576': 73}, 
28290.0, {'360082': 0.0, '360086': -4.0, 'GS_cluster_2415878664_254486231_359566_359576': -4.0}, {'360082': 0, '360086': 7, 'GS_cluster_2415878664_254486231_359566_359576': 18}, {'360082': 0, '360086': 16, 'GS_cluster_2415878664_254486231_359566_359576': 73}, 
28300.0, {'360082': 0.0, '360086': -4.0, 'GS_cluster_2415878664_254486231_359566_359576': -4.0}, {'360082': 0, '360086': 7, 'GS_cluster_2415878664_254486231_359566_359576': 18}, {'360082': 0, '360086': 17, 'GS_cluster_2415878664_254486231_359566_359576': 73}, 
28310.0, {'360082': -0.004464286, '360086': -4.0, 'GS_cluster_2415878664_254486231_359566_359576': -4.0}, {'360082': 1, '360086': 7, 'GS_cluster_2415878664_254486231_359566_359576': 18}, {'360082': 1, '360086': 17, 'GS_cluster_2415878664_254486231_359566_359576': 73}, 
28320.0, {'360082': -0.04910714, '360086': -4.0, 'GS_cluster_2415878664_254486231_359566_359576': -4.0}, {'360082': 1, '360086': 7, 'GS_cluster_2415878664_254486231_359566_359576': 18}, {'360082': 1, '360086': 18, 'GS_cluster_2415878664_254486231_359566_359576': 73}, 
28330.0, {'360082': 0.0, '360086': -4.0, 'GS_cluster_2415878664_254486231_359566_359576': -4.0}, {'360082': 0, '360086': 11, 'GS_cluster_2415878664_254486231_359566_359576': 18}, {'360082': 0, '360086': 22, 'GS_cluster_2415878664_254486231_359566_359576': 73}, 
28340.0, {'360082': 0.0, '360086': -4.0, 'GS_cluster_2415878664_254486231_359566_359576': -4.0}, {'360082': 0, '360086': 13, 'GS_cluster_2415878664_254486231_359566_359576': 18}, {'360082': 0, '360086': 21, 'GS_cluster_2415878664_254486231_359566_359576': 73}, 
28350.0, {'360082': -0.035714287, '360086': -4.0, 'GS_cluster_2415878664_254486231_359566_359576': -4.0}, {'360082': 1, '360086': 14, 'GS_cluster_2415878664_254486231_359566_359576': 18}, {'360082': 2, '360086': 22, 'GS_cluster_2415878664_254486231_359566_359576': 73}, 
28360.0, {'360082': -0.22321428, '360086': -4.0, 'GS_cluster_2415878664_254486231_359566_359576': -4.0}, {'360082': 3, '360086': 14, 'GS_cluster_2415878664_254486231_359566_359576': 18}, {'360082': 7, '360086': 22, 'GS_cluster_2415878664_254486231_359566_359576': 73}, 
28370.0, {'360082': 0.0, '360086': -4.0, 'GS_cluster_2415878664_254486231_359566_359576': -4.0}, {'360082': 0, '360086': 16, 'GS_cluster_2415878664_254486231_359566_359576': 18}, {'360082': 0, '360086': 26, 'GS_cluster_2415878664_254486231_359566_359576': 73}, 
28380.0, {'360082': -0.13839285, '360086': -4.0, 'GS_cluster_2415878664_254486231_359566_359576': -4.0}, {'360082': 3, '360086': 18, 'GS_cluster_2415878664_254486231_359566_359576': 18}, {'360082': 6, '360086': 28, 'GS_cluster_2415878664_254486231_359566_359576': 73}, 
28390.0, {'360082': -0.48660713, '360086': -4.0, 'GS_cluster_2415878664_254486231_359566_359576': -4.0}, {'360082': 5, '360086': 21, 'GS_cluster_2415878664_254486231_359566_359576': 18}, {'360082': 9, '360086': 32, 'GS_cluster_2415878664_254486231_359566_359576': 73}, 
28400.0, {'360082': -0.21428572, '360086': -4.0, 'GS_cluster_2415878664_254486231_359566_359576': -4.0}, {'360082': 2, '360086': 21, 'GS_cluster_2415878664_254486231_359566_359576': 18}, {'360082': 3, '360086': 36, 'GS_cluster_2415878664_254486231_359566_359576': 73}, 
28410.0, {'360082': -0.4017857, '360086': -4.0, 'GS_cluster_2415878664_254486231_359566_359576': -4.0}, {'360082': 3, '360086': 21, 'GS_cluster_2415878664_254486231_359566_359576': 18}, {'360082': 6, '360086': 37, 'GS_cluster_2415878664_254486231_359566_359576': 73}, 
28420.0, {'360082': -0.66964287, '360086': -4.0, 'GS_cluster_2415878664_254486231_359566_359576': -4.0}, {'360082': 3, '360086': 21, 'GS_cluster_2415878664_254486231_359566_359576': 18}, {'360082': 6, '360086': 38, 'GS_cluster_2415878664_254486231_359566_359576': 73}, 
28430.0, {'360082': -1.0, '360086': -4.0, 'GS_cluster_2415878664_254486231_359566_359576': -4.0}, {'360082': 5, '360086': 21, 'GS_cluster_2415878664_254486231_359566_359576': 18}, {'360082': 9, '360086': 39, 'GS_cluster_2415878664_254486231_359566_359576': 73}, 
28440.0, {'360082': -1.4017857, '360086': -4.0, 'GS_cluster_2415878664_254486231_359566_359576': -4.0}, {'360082': 4, '360086': 21, 'GS_cluster_2415878664_254486231_359566_359576': 18}, {'360082': 9, '360086': 39, 'GS_cluster_2415878664_254486231_359566_359576': 73}, 
28450.0, {'360082': -1.8035715, '360086': -4.0, 'GS_cluster_2415878664_254486231_359566_359576': -4.0}, {'360082': 4, '360086': 21, 'GS_cluster_2415878664_254486231_359566_359576': 18}, {'360082': 9, '360086': 39, 'GS_cluster_2415878664_254486231_359566_359576': 73}, 
28460.0, {'360082': -0.32589287, '360086': -4.0, 'GS_cluster_2415878664_254486231_359566_359576': -4.0}, {'360082': 1, '360086': 21, 'GS_cluster_2415878664_254486231_359566_359576': 18}, {'360082': 2, '360086': 39, 'GS_cluster_2415878664_254486231_359566_359576': 73}, 
28470.0, {'360082': -0.4642857, '360086': -4.0, 'GS_cluster_2415878664_254486231_359566_359576': -4.0}, {'360082': 4, '360086': 21, 'GS_cluster_2415878664_254486231_359566_359576': 18}, {'360082': 5, '360086': 39, 'GS_cluster_2415878664_254486231_359566_359576': 73}, 
28480.0, {'360082': -0.6875, '360086': -4.0, 'GS_cluster_2415878664_254486231_359566_359576': -4.0}, {'360082': 3, '360086': 21, 'GS_cluster_2415878664_254486231_359566_359576': 18}, {'360082': 5, '360086': 39, 'GS_cluster_2415878664_254486231_359566_359576': 73}, 
28490.0, {'360082': -0.02232143, '360086': -4.0, 'GS_cluster_2415878664_254486231_359566_359576': -4.0}, {'360082': 1, '360086': 21, 'GS_cluster_2415878664_254486231_359566_359576': 18}, {'360082': 1, '360086': 39, 'GS_cluster_2415878664_254486231_359566_359576': 73}, 
28500.0, {'360082': -0.11160714, '360086': -4.0, 'GS_cluster_2415878664_254486231_359566_359576': -4.0}, {'360082': 2, '360086': 21, 'GS_cluster_2415878664_254486231_359566_359576': 18}, {'360082': 2, '360086': 39, 'GS_cluster_2415878664_254486231_359566_359576': 73}, 
28510.0, {'360082': -0.008928572, '360086': -4.0, 'GS_cluster_2415878664_254486231_359566_359576': -4.0}, {'360082': 1, '360086': 21, 'GS_cluster_2415878664_254486231_359566_359576': 18}, {'360082': 1, '360086': 39, 'GS_cluster_2415878664_254486231_359566_359576': 73}, 
28520.0, {'360082': 0.0, '360086': -4.0, 'GS_cluster_2415878664_254486231_359566_359576': -4.0}, {'360082': 0, '360086': 21, 'GS_cluster_2415878664_254486231_359566_359576': 18}, {'360082': 0, '360086': 39, 'GS_cluster_2415878664_254486231_359566_359576': 73}, 
28530.0, {'360082': 0.0, '360086': -4.0, 'GS_cluster_2415878664_254486231_359566_359576': -4.0}, {'360082': 0, '360086': 21, 'GS_cluster_2415878664_254486231_359566_359576': 18}, {'360082': 0, '360086': 39, 'GS_cluster_2415878664_254486231_359566_359576': 73}, 
28540.0, {'360082': 0.0, '360086': -4.0, 'GS_cluster_2415878664_254486231_359566_359576': -4.0}, {'360082': 0, '360086': 21, 'GS_cluster_2415878664_254486231_359566_359576': 18}, {'360082': 0, '360086': 40, 'GS_cluster_2415878664_254486231_359566_359576': 73}, 
28550.0, {'360082': 0.0, '360086': -4.0, 'GS_cluster_2415878664_254486231_359566_359576': -4.0}, {'360082': 0, '360086': 21, 'GS_cluster_2415878664_254486231_359566_359576': 18}, {'360082': 0, '360086': 41, 'GS_cluster_2415878664_254486231_359566_359576': 73}, 
28560.0, {'360082': 0.0, '360086': -4.0, 'GS_cluster_2415878664_254486231_359566_359576': -4.0}, {'360082': 0, '360086': 21, 'GS_cluster_2415878664_254486231_359566_359576': 18}, {'360082': 0, '360086': 41, 'GS_cluster_2415878664_254486231_359566_359576': 73}, 
28570.0, {'360082': 0.0, '360086': -4.0, 'GS_cluster_2415878664_254486231_359566_359576': -4.0}, {'360082': 0, '360086': 21, 'GS_cluster_2415878664_254486231_359566_359576': 18}, {'360082': 0, '360086': 41, 'GS_cluster_2415878664_254486231_359566_359576': 73}, 
28580.0, {'360082': -0.013392857, '360086': -4.0, 'GS_cluster_2415878664_254486231_359566_359576': -4.0}, {'360082': 1, '360086': 21, 'GS_cluster_2415878664_254486231_359566_359576': 18}, {'360082': 1, '360086': 41, 'GS_cluster_2415878664_254486231_359566_359576': 73}, 
28590.0, {'360082': -0.08035714, '360086': -4.0, 'GS_cluster_2415878664_254486231_359566_359576': -4.0}, {'360082': 2, '360086': 21, 'GS_cluster_2415878664_254486231_359566_359576': 18}, {'360082': 2, '360086': 41, 'GS_cluster_2415878664_254486231_359566_359576': 73}, 
28600.0, {'360082': 0.0, '360086': -4.0, 'GS_cluster_2415878664_254486231_359566_359576': -4.0}, {'360082': 0, '360086': 21, 'GS_cluster_2415878664_254486231_359566_359576': 18}, {'360082': 0, '360086': 41, 'GS_cluster_2415878664_254486231_359566_359576': 73}, 
28610.0, {'360082': -0.035714287, '360086': -4.0, 'GS_cluster_2415878664_254486231_359566_359576': -4.0}, {'360082': 1, '360086': 21, 'GS_cluster_2415878664_254486231_359566_359576': 18}, {'360082': 1, '360086': 41, 'GS_cluster_2415878664_254486231_359566_359576': 73}, 
28620.0, {'360082': -0.08035714, '360086': -4.0, 'GS_cluster_2415878664_254486231_359566_359576': -4.0}, {'360082': 1, '360086': 21, 'GS_cluster_2415878664_254486231_359566_359576': 18}, {'360082': 1, '360086': 41, 'GS_cluster_2415878664_254486231_359566_359576': 73}, 
28630.0, {'360082': 0.0, '360086': -4.0, 'GS_cluster_2415878664_254486231_359566_359576': -4.0}, {'360082': 0, '360086': 21, 'GS_cluster_2415878664_254486231_359566_359576': 18}, {'360082': 0, '360086': 41, 'GS_cluster_2415878664_254486231_359566_359576': 73}, 
28640.0, {'360082': 0.0, '360086': -4.0, 'GS_cluster_2415878664_254486231_359566_359576': -4.0}, {'360082': 0, '360086': 21, 'GS_cluster_2415878664_254486231_359566_359576': 18}, {'360082': 0, '360086': 41, 'GS_cluster_2415878664_254486231_359566_359576': 73}, 
28650.0, {'360082': -0.004464286, '360086': -4.0, 'GS_cluster_2415878664_254486231_359566_359576': -4.0}, {'360082': 1, '360086': 21, 'GS_cluster_2415878664_254486231_359566_359576': 18}, {'360082': 1, '360086': 41, 'GS_cluster_2415878664_254486231_359566_359576': 73}, 
28660.0, {'360082': -0.09821428, '360086': -4.0, 'GS_cluster_2415878664_254486231_359566_359576': -4.0}, {'360082': 2, '360086': 21, 'GS_cluster_2415878664_254486231_359566_359576': 18}, {'360082': 3, '360086': 41, 'GS_cluster_2415878664_254486231_359566_359576': 73}, 
28670.0, {'360082': 0.0, '360086': -4.0, 'GS_cluster_2415878664_254486231_359566_359576': -4.0}, {'360082': 0, '360086': 21, 'GS_cluster_2415878664_254486231_359566_359576': 18}, {'360082': 0, '360086': 41, 'GS_cluster_2415878664_254486231_359566_359576': 73}, 
28680.0, {'360082': 0.0, '360086': -4.0, 'GS_cluster_2415878664_254486231_359566_359576': -4.0}, {'360082': 0, '360086': 21, 'GS_cluster_2415878664_254486231_359566_359576': 18}, {'360082': 0, '360086': 41, 'GS_cluster_2415878664_254486231_359566_359576': 73}, 
28690.0, {'360082': 0.0, '360086': -4.0, 'GS_cluster_2415878664_254486231_359566_359576': -4.0}, {'360082': 0, '360086': 21, 'GS_cluster_2415878664_254486231_359566_359576': 18}, {'360082': 0, '360086': 41, 'GS_cluster_2415878664_254486231_359566_359576': 73}, 
28700.0, {'360082': 0.0, '360086': -4.0, 'GS_cluster_2415878664_254486231_359566_359576': -4.0}, {'360082': 0, '360086': 21, 'GS_cluster_2415878664_254486231_359566_359576': 18}, {'360082': 0, '360086': 41, 'GS_cluster_2415878664_254486231_359566_359576': 73}, 
28710.0, {'360082': 0.0, '360086': -4.0, 'GS_cluster_2415878664_254486231_359566_359576': -4.0}, {'360082': 0, '360086': 21, 'GS_cluster_2415878664_254486231_359566_359576': 18}, {'360082': 0, '360086': 41, 'GS_cluster_2415878664_254486231_359566_359576': 73}, 
28720.0, {'360082': 0.0, '360086': -4.0, 'GS_cluster_2415878664_254486231_359566_359576': -4.0}, {'360082': 0, '360086': 21, 'GS_cluster_2415878664_254486231_359566_359576': 18}, {'360082': 0, '360086': 41, 'GS_cluster_2415878664_254486231_359566_359576': 73}, 
28730.0, {'360082': 0.0, '360086': -4.0, 'GS_cluster_2415878664_254486231_359566_359576': -4.0}, {'360082': 0, '360086': 21, 'GS_cluster_2415878664_254486231_359566_359576': 18}, {'360082': 0, '360086': 41, 'GS_cluster_2415878664_254486231_359566_359576': 73}, 
28740.0, {'360082': 0.0, '360086': -4.0, 'GS_cluster_2415878664_254486231_359566_359576': -4.0}, {'360082': 0, '360086': 21, 'GS_cluster_2415878664_254486231_359566_359576': 18}, {'360082': 0, '360086': 41, 'GS_cluster_2415878664_254486231_359566_359576': 73}, 
28750.0, {'360082': 0.0, '360086': -4.0, 'GS_cluster_2415878664_254486231_359566_359576': -4.0}, {'360082': 0, '360086': 21, 'GS_cluster_2415878664_254486231_359566_359576': 18}, {'360082': 0, '360086': 41, 'GS_cluster_2415878664_254486231_359566_359576': 73}, 
28760.0, {'360082': 0.0, '360086': -4.0, 'GS_cluster_2415878664_254486231_359566_359576': -4.0}, {'360082': 0, '360086': 21, 'GS_cluster_2415878664_254486231_359566_359576': 18}, {'360082': 0, '360086': 41, 'GS_cluster_2415878664_254486231_359566_359576': 73}, 
28770.0, {'360082': -0.026785715, '360086': -4.0, 'GS_cluster_2415878664_254486231_359566_359576': -4.0}, {'360082': 1, '360086': 21, 'GS_cluster_2415878664_254486231_359566_359576': 18}, {'360082': 2, '360086': 41, 'GS_cluster_2415878664_254486231_359566_359576': 73}, 
28780.0, {'360082': -0.058035713, '360086': -4.0, 'GS_cluster_2415878664_254486231_359566_359576': -4.0}, {'360082': 1, '360086': 21, 'GS_cluster_2415878664_254486231_359566_359576': 18}, {'360082': 1, '360086': 42, 'GS_cluster_2415878664_254486231_359566_359576': 73}, 
28790.0, {'360082': -0.102678575, '360086': -4.0, 'GS_cluster_2415878664_254486231_359566_359576': -4.0}, {'360082': 1, '360086': 21, 'GS_cluster_2415878664_254486231_359566_359576': 18}, {'360082': 1, '360086': 42, 'GS_cluster_2415878664_254486231_359566_359576': 73}, 
28800.0, {'360082': 0.0, '360086': -4.0, 'GS_cluster_2415878664_254486231_359566_359576': -4.0}, {'360082': 0, '360086': 21, 'GS_cluster_2415878664_254486231_359566_359576': 18}, {'360082': 0, '360086': 43, 'GS_cluster_2415878664_254486231_359566_359576': 73}, 
